./haploid_struct_seln 1000 20000 0.0 0.0 100 5 100 10000 500 0.01 10000 200 1 26029 
//
segsites: 293
positions: 0.00260126 0.00546862 0.00708044 0.00754284 0.00841683 0.00918164 0.0153428 0.0163402 0.0172136 0.0173106 0.0180255 0.0186448 0.0187806 0.0206935 0.0264885 0.0285306 0.0312226 0.0329638 0.0357503 0.0410875 0.0436432 0.0466888 0.0476316 0.0495349 0.0503222 0.0519982 0.0538784 0.0550752 0.0561859 0.0610925 0.0611929 0.06304 0.0735787 0.0749684 0.077457 0.080224 0.0871469 0.0872183 0.0875945 0.0893041 0.0958535 0.0963759 0.10006 0.101429 0.106193 0.113308 0.117517 0.118429 0.124347 0.130266 0.132744 0.133284 0.137127 0.140025 0.140775 0.143457 0.145614 0.150129 0.152063 0.152741 0.15302 0.154255 0.154779 0.159034 0.162675 0.163954 0.17564 0.180465 0.192074 0.197767 0.200176 0.200648 0.221933 0.230738 0.233722 0.237458 0.242077 0.248821 0.250419 0.251264 0.262407 0.265197 0.268396 0.280434 0.280494 0.287999 0.288146 0.291797 0.293034 0.303046 0.304877 0.310081 0.311769 0.311771 0.314427 0.315965 0.319117 0.319822 0.320425 0.321483 0.321715 0.327561 0.328793 0.330883 0.332156 0.335258 0.338263 0.342136 0.348172 0.350056 0.350784 0.365298 0.366378 0.369999 0.370769 0.370979 0.373245 0.37857 0.37899 0.38428 0.384445 0.387005 0.390429 0.391451 0.394062 0.401392 0.403812 0.404751 0.405575 0.408265 0.412546 0.413908 0.416063 0.416324 0.418397 0.421193 0.422712 0.427185 0.430669 0.439532 0.448127 0.452586 0.453899 0.454239 0.454794 0.455042 0.458831 0.465157 0.466082 0.46609 0.466457 0.466558 0.468911 0.472289 0.475319 0.48182 0.486798 0.486912 0.489169 0.494024 0.494843 0.500231 0.501925 0.503289 0.503975 0.504778 0.505801 0.513245 0.515882 0.517848 0.518088 0.521611 0.52635 0.526963 0.534126 0.534675 0.53981 0.545451 0.546251 0.550709 0.552946 0.559752 0.56016 0.560402 0.561495 0.562048 0.563908 0.569122 0.571417 0.572526 0.576509 0.581977 0.586042 0.587069 0.591046 0.594179 0.59807 0.598807 0.606614 0.614755 0.615993 0.620172 0.621525 0.62436 0.6291 0.630947 0.651024 0.651076 0.661568 0.668133 0.669153 0.672455 0.674052 0.674126 0.678954 0.679003 0.679275 0.680008 0.682646 0.690385 0.690719 0.691485 0.698644 0.699388 0.701114 0.703083 0.708776 0.718857 0.722503 0.741354 0.743065 0.745987 0.749071 0.751248 0.751727 0.752097 0.755163 0.755987 0.758975 0.761756 0.786534 0.786556 0.79654 0.800392 0.803659 0.80499 0.805492 0.806589 0.808229 0.816753 0.825138 0.831799 0.832339 0.834664 0.842977 0.84614 0.848023 0.85436 0.85641 0.861367 0.865914 0.868133 0.881207 0.8888 0.896701 0.898175 0.902484 0.903449 0.908806 0.912674 0.914172 0.91479 0.917138 0.918767 0.920901 0.924345 0.924513 0.926383 0.932964 0.944719 0.944784 0.950379 0.951089 0.958543 0.96294 0.972786 0.977212 0.979277 0.984621 0.989557 0.995424 0.996699 0.999254
00111010001000000011000101011000001101010001001110000010000101000000101100111111001110000001100100000000010000001000000100000101010100001001111100100100110100011000110100111000001010010000111010010000000100101010000000000010000010001010000100100100001100010100100110010000000000101001010011000
00111010011000000011000101111000001100010000001110000010000100010000101100111101001110000001100000000000010000001000000100000101010100001001111000100000110100011000110100111000001010010000111010011000000100101010000100000010000010001010000100100100001100010100100110010000000000101001010011000
10011010000000000011010101011100111100010000001110000010000100000000101100111101001110000001100000000000000000101000000100000101010100000001011000100010110100011000110100111000001110011000101010010000000100101010000000000010000010101010010100100100001100010100100110010100010010000010011010000
00111010000000000011010101011000010100010000001110000010000100000000101100111101001110100001100000000000000000101000000100100101010100000101011000110000110100011000110100111000001110011000101010010000000100101010000000000010000010101010010100000100011100010100100110010000010000000010011010000
10011010000000000011000101011000001100010000001110000010000100000000101100111101001110000001100000000000000000101000000100000101010100000101011000100010110100011001110100111000001110011000101010010000000100101010000000000010000010101010010100100100001100010100100110011000010010000010011010000
00111010011000000011000101111000001100010000001110000010000100010000101100111101001110000001100000000000010000001000000100000111010100001001111000100000110100011010110100111000001010010000111010011000000100101010000100000010000010001010000100100100001100010100100110010000000000101001010011000
00000000000001100000101000000010000000101100000000000000010010000000000000000000000000011100011010000010100001000100000000000000000000100000000000000001000000100000000000000100000000100000000100000001010001000000001000010000000100010101000000000000000000001000010000100000000000000000000100000
00111010011000000011000101111000001100010000001110000010000100010000101100111101001110000001100000000000010000001000000100000101010100001001111000100000110100011000110100111000001010010000111010011000000100101010000100000010000010001010000100100100001100010100100110010000000000101101010011000
00111010001000000011000101011000001101010000001110000011000101000000101100111101001110000001100100000000010000001000000100000101010100001001111100100100110100011000110100111000001010010000111011010000000100101010000000000010000010001010000100100100001100010100100110010000000000101001010011000
00111010001000001011000101011000001101010000001110000010000101000000101100111101001110000001100000000001010000001000000110000101010100001001111000100100110100011000110110111000001010010000111010010000000100101110000000000010001010001010000100100100001100010100100110010000000000101001010011000
00111010011000000011000101111000001100010000001110000010000100010000101100111101001110000001100000000000010000001000000100000101010100001001111000100000110100011000110100111000001010010000111010011000000100101010000100000010000010001010100100100100001100010100100110010000000000101001010011000
00111010000000000011010101011000010100010000001110000010000100000000101100111101001110100001100000000000000000101000000100100101010100000101011000110000110100011000110100111000001110011000101010010000000100101010000000000010000010101010010100000100001100010100100110010000010000000010011010000
10011010000000000011010101011000010100010000001110000010000100000010101100111101001110100001100000000000000000101000000100100101110100000101011000110000110100011000110100111000001110011000101010010000000100101010000000000010000010101010010100000100001100010100100110010000010000000010011011000
10011010000000000011010101011000010100010000001110000010000100000000101100111101001110100001100000000000000000101000000100100101010100000101011000110000110100011000110100111000001110011000101010010100000100101010000000000010000010101010010100000100001100010100100110010000010000000010011010001
00111010011000000011000101111000001100010000001110000010000100010000101100111101001110000001100000000000010000001000000100100101010100001001111000100000110100011000110100111000001010010000111010011000000100101010000100000010000010001010000100100100001100010100100110010000000000101101010011000
10011010000000000011010101011000111100010000001110000010000100000000101100111101001110000001100000000000000000101000000100000101010100000001011000100010110100011000110100111000001110011000101010010000000100101010000000000010000010101010010100100100001100010100100110010000010010000010011010000
00111010011000000011000101111000001100010000001110000010000100010000101100111101001110000001100000000000010000001000000100001101010100001001111010100000110100011000110100111000001010010000111010011000000100101010000100000010000010001010000110100100001100010100100110010000000000101001010011000
00000000000001100000101000000010000000101100000000000000000010000000000000000000000000011100010010000010000001000100001000000000000000100000000000000001000000000000000000000100000000100000000100000001000001000000001010010000000100010101000000000000000000000010010000100000000100000000000100000
00111010011000000011000101111000001100010000001110000010000100010000101100111101001110000001100000000000010000001000000100000101010100001001111000100000110100011000110100111000001010010000111010110000000100101010000100000010000010001010000100100100001100010100100110010000000001101001010011000
00111010000000000011010101011000010100010000001110000010000100000000101100111101001110100001100000000000000000101000000100100101010100000101011000110000110100011000110100111000001110011000101010010000000100101010000000000010000010101010010100000100011100010100100110010000010000000010011010000
00111010001000000011000101011000001101010001001110000010000101000000101100111101001110000001100100000000010000001000000100000101010100001001111100100100110100011000110100111000001010010000111010010000000100101010000000000010000010001010000100100100001100010100100110010000000000101001010011000
00111010011000000011000101111000001100010000001110000010000100010000101100111101001110000001100000000000010000001000000100000101010100001001111000100000110100011000110101111000001010010000111010011000000100101010000100000010000010001010000100100100001100010100100110010000000000101001010011000
10011010000000000011010101011000010100010000001110000010000100000000101100111101001110100001100000000000000000101000000100100101010100000101011000110000110100011000110100111000001110011000101010010000000100101010000000000010000010101010010100000100001100010100100110010000010000000010011010001
00111010011000000011000101111000001100010000001110000010000100010000101100111101001110000001100000000000010000001000000100000101010100001001111000100000110100011000110100111000001010010000111010011000000100101010000100000010000010001010000100100100001100010100100110010000000000101001010011000
10011010000000000011010101011000010100010000001110000010000100000000101100111101001110100001100000000000000000101000000100100101010100000101011000110000110100011000110100111000001110011000101010010000000100101010000000000010000010101010010100000100001100010100100110010000010000000010011010000
10011010000000000011010101011000010100010000001110000010000100000010101100111101001110000001100100000000010000001000000100000101010100001001111100100100110100011000110100111000001010010000111010010000000100101010000000000010000010001010000100100100001100010100100110010000000000101001010011000
00111010011000000011000101111000001100010000001110000010000100010000101100111101001110000001100000000000010000001000000100000101010100001001111000100000110100011000110100111000001010010000111010011000000100101010000100000010000010001010000100100100001100010100100111010000000000101001010011000
00111010001000000011000101011000001101010001001110000010000100010000101100111101001110000001100000000000010000001000000100000101010100001001111000100000110100011000110100111000011010010000111010011000000100101010000100000010000010001010000100100100001100010100100110010000000000101001010011000
00111010000000010011000101011000001101010000001110000010000101000000101100111101001111000001100000000000010000001000100100000101010100001011111000100100110100011000110100111000001010010000111010010010000100101010000000000010000010001010000100100100101100010100100110010000000000101001010011000
00111010011000000011000101111000001100010000001110000010000100010000101100111101001110000001100000000000010000001000000100000101010100001001111000100000110100011000110100111000001010010000111010011000000100101010000100000010000010001010000100100100001100010100100110010000000000101001010011000
00111010000000000011010101011000010100010000001110000010000100000000101100111101001110100001100000000000000000101000000100100101010100000101011000110000110100011000110100111000001110011000101010010000000100101010000000000010000010101010010100000100001100010100100110010000010000000010011010000
00111010000000000011000101011000001100010000011110000011000101000000101100111101001110000001100000000000010000001000000100000101010100001001111000100000110100011000110100111000001010010010111010010000000100101010000100000010000010001010000100100100001100010100100110010000000000101001010011000
00111010000000000011000101111000001100010000001110000010000100010000101100111101001110000001100000000000010000001000000100000101010100001001111000100000110100011000110100111000001010010000111010011000000100101010000100000010000010001010000100100100001100010100100110010000000000101001010011000
00111010011000000011000101111000001100010000001110000010000100010000101100111101001110000001100000000000010000001000000100000101010100001001111000100100110100011000110100111000001010010000111010011000000100101010000100000010000010001010000100100100001100010100100110010000000000101001010011000
10011010000000000011010101011000010100010000001110000010000100000010101100111101011110100001100000000000000000101000000100100101110100000101011000100010110100011100110100111000001110011000101010010000000100101010000000000010000010101010010100000100001100010100100110010000010000000010011010000
00000000000001100000101000000010000000101100000000000000010010000000000000000000000000011100011010000010100001000100000000000000000000100000000000000001000000100000000000000100000000100000000100000001010001000000001000010000000100010101000000000000000000001000010000100000000000000000000100000
00111010011000000011000101111000001100010000001110000010000100010000101100111101001110000001100000000000010000001000000100000101010100001001111000100000110100011000110100111000001010010000111010011000000100101010000100000010000010001010000100100100001100010100100110010000100000101001010011000
00111010011000000011000101111000001100010000001110000010000100010000101100111101001110000001100000000000010000001000000100000101010100001001111000100000110100011000110100111000001010010000111010011000000100101010000100000010000010001010000100100100001100010100100110010000000000101001010011000
00111010011000000011000101111000001100010000001110000010000100010000101100111101001110000001100000000000010000001000000100000101010100001001111000100000110100011000110100111000001010010000111010011000000100101010000100000010000010001010000100100100001100010100100110010000000000101001010011000
00111010011000000011000101011001001101010000001110000010000101000100101100111101001110000001100000000000010000001000000100000101010100001001111000100100110100011000110100111000001010010000111010010000001100101010000000000010000010001010000100100100001100010100100110010000000000101001010011000
10011010000000000011000101011000001100010000001110000010000100000000101100111101001110000001100000000000000000101000000100000101010100000101011000100010110100011001110100111000001110011000101010010000000100101010000000000010000010101010010100100100001100010100100110010000010010000010011010000
00111010011000000011000101111000001100010000001110000010000100010000101100111101001110000001100000000000010000001000000100001101010100001001111000100000110100011000110100111000001010010000111010011000000100101010000100000010000010001010000110100100001100010100100110010000001000101001010011000
10011010000000000011010101011000010100010000001110000010000100000000101100111101001110100001100000000000000000101000000100100101010100000101011000110000110100011000110100111000001110011001101010010000000100101010000000000010000010101010010100000100001100010100100110010000010000000010011010000
00111010001000000011000101011000001101010001001110000010000101000000101100111101001110000001100100000000010000001000000100000101010100001001111100100100110100011000110100111000001110010000111010010000000100101010000000000010000010001010000100100100001100010100100110010000000000101001010011000
10011010000000000011010101011000010100010000001110000010000100000010101100111101001110000001100100000000010000001000000100000101010100001001111100100100110100011000110100111000001010010000111010010000000100101010000000000010000010001010000100100100001100010100100110010000000000101001010011000
00111010011000000011000101111000001100010000001110000010000100010000101100111101001110000001100000000000010000001000000100000101010100001001111000100100110100011000110100111000001010010000111010011000000100101010000100000010000010001010000100100100001100010100100110010000000000101001010011000
10011010000000000011010101011000010100010000001110000010100100000000101100111101001110100001100000001000000000101000000100100101010100000101011000110000110100011000110100111000001110011000101010010000000100101010000000000010000010101010010100000100001100010100100110010000010000000010011010001
00111010011000000011000101011001001101010000001110000010000101000100101100111101001110000001100000000000010000001000000100000101010100001001111000100100110100011000110100111000001010010000111010010000001100101010000000000010000010001010000100100100001100010100100110010000000000101001010011000
10011010000000000011010101011000010100010000001110000010000100000010101100111101001110100001100000000000000000101000000100100101110100000101011000110000110100011000110100111000001110011000101010010000000100101010000000000010000010101010010100000100001100010100100110010000010000000010011011000
00111010011000000011000101111000001100010000001110000010000100010000101100111101001110000001100000000000010000001000000100000101010100001001111000100000110100011000110100111000001010010000111010011000000100101010000100000010000010001010000100100100001100010100100110010000000000101001010011000
10011010000000000011010101011000010100010000001110000010000100000000101100111101001110100001100000000000000000101000000100010101010100010101011000110000110100011000110100111000001110010000101010010000000100101010000000000010010010101010010100000100001100110100100110010000010000010010011010000
00111010011000000011000101111000001100010000001110000010000100010000101100111101001110000001100000000000010000001000000100000101010100001001111000100000110100011000110100111000001010010000111010011000000100101010000100000010000010001010000100100100001100010100100110010000000000101001010011000
00111010001000000011000101011000001101010001001110000010000101000000101100111101001110000001100100000000010000001000000100000101010100001001111100100100110100011000110100111000001010010000111010010000000100101010000000000010000010001010000100100100001100010100100110010000000000101001010011000
00111010000000000011000101011000001100010000001110000010000100000000101100111101001110000001100000000000010000001000000100000101010100001001111000100000110100011000110100111000001010010010111010010000000100101010010100000010000010001010000100100100001100010100101110010000000000101001010011000
00111010001000000011000101011000001101010001001110000010000101000000101100111101001110000001100100000000010000001000000100000101010100001001111100100100110100011000110100111000001010010000111010010000000100101010100000000010000010001010000100100100001100010100100110010000000000101001010011000
10011010000000000011000101011000001100010000001110000010000100000000101100111101001110000001100000000000000000101000000100000101010100000001011000100010110100011000110100111000001110011000101010010000000100101011000000000010000010101010010100100100001100010100100110010000010010000010011010000
10011010000000000011000101011000001100010000001110000010000100000000101100111101001110000001100000000000000000101000000100000101010100000101011000100010110100011001110100111000001110011000101010010000000100101010000000000010000010101010010100100100001100010100100110010000010010000010011010000
10011010000000000011010101011000010100010000001111100010000100000010101100111101001110100001100000000000000000101000000100100101110100000101011000100010110100011000110100111010001110011000101010010000000100101010000000000010000010101010010100000100001100010100100110010000010000000010011010000
00111010001000000111000101011000001101010001001110000010000101000000101100111101001110000001100100000000010000001000000100000101010100001001111100100100110100011000110100111000001010010000111010010000000100101010000000000010000010001010000100100100001100010100100110010000000000101001010011000
00111010101000000011000101011000001101010001001110000010000101000000101100111101001110000001100100000000010000011000000100000101010100001001111100100100110100011000110100111000001010010000111010010000000100101010000100000010000010001010000100100100001100010100100110010000000000101001010011000
00111010011000000011000101111000001100010000001110000110000100010000101100111101001110000001100000000000010000001000000100000101010100001001111000100000110100011000110100111000001010010000111010011000000100101010000100000110000010001010000100100100001100010100100110010000000000101001010011000
00111010011000000011000101111000001100010000001110000010000100010000101100111101001110000001100000000000010000001000000100000101010100001001111000100000110100011000110100111000001010010000111010011000000100101010000100000010000010001010000100100100001100010100100110010000000000101001010011000
00111010001000000011000101011000001101010001001110000010000101000000101100111101001110000001100100000000010000001000000100000101010100001001111100100100110100011000110100111000001010010000111010010000000100101010000000000010000010001010000100100100001100010100100110010000000000101001010011000
10011010000000000011010101011000010100010000001110000010100100000000101100111101001110100001100000001000000000101000000100100101010100000101011000110000110100011000110100111000001110011000101010010000000100101010000000000010000010101010010100000100001100010100100110010000010000000010011010001
00111010011000000011000101111000001100010000001110000010000100010000101100111101001110000001100000000000010000001000000100000101010100001001111000100000110100011000110100111000001010010000111010011000000100101010000100000010000010001010000100100100001100010100100110010000000000101001010011000
00111010000000000011000101011000010100010000001110000010000101000000101100111101001110000001100000000000010000001000000100000101010100001001111000101000110110011000110100111000001010010000111010010000000100101010000000000010000011001010000100101100001100010100100110010000000000100001010011000
00111010001000000011000101011000001101010001001110000010000101000000101100111101101110000001100100000100000000001000000100000101010100001001111100100100110100011000110100111000001010010000111010010000000100101010000001000010000010001010000100100110001100010100100110010000000000101001010011000
00111010000000000011010101011000010100010000001110000010000100000000101100111101001110100001100000000000000000101000000100100101010100000101011000110000110100011000111100111000001110011000101010010000000100101010000000000010000010101010010100000100001100010100100110010000010000000010011010000
00000000000001100000101000000010000000101100000000000000000010000000000010000000000000011100010010000010001101000100000000000000000001100000000001000001000000100000000000000100000000100000000100000001000001000000001000010000000100010101000001000000000000000000010000100000000000000000000100000
00000000000001100000101000000010000000101100000000000000000010000000000000000000000000011100010010000010000001000100010000000000000000100000000000000001000000000000000000000100000000100000000100000001000001000000001010010000000100010101000000000000000000000000010000100000000000000000000100000
10011010000000000011000101011000001100010000001110000010000100000000101100111101001110000001100000000000000000101000000100000101010100000101011000100010110100011001110100111000001110011000101010010000000100101010000000000010000010101010010100100100001100010100100110010000010010000010011010000
10011010000000000011010101011000010100010000001110000010000100000000101100111101001110100001100000000000000000101000000100100101010100000101011000110000110100011000110100111000001110011000101010010000000100101010000000000010000010101010010100100100001100010100100110010000010000000010011010001
00111010001000000011000101011000001101010001001110000010000101000000101100111101001110000001100100010100000000001000000100000101010100001001111100100100110100011000110100111000001010010000111010010000000100101010000001000010000010001010000100100110001100010100100110010000000000101001010011000
00111010011000000011000101111000001100010000001110000010000100010000101100111101001110000001100000000000010000001000000100000101010100001001111000100000110100011000110100111000001010010000111010011000000100101010000100000010000010001010000100100100001100010100100110010000000000101001010011000
10011010000000000011010101011000010100010000001110000010000100000000101100111101001110100001100000000000000000101000000100100101010110000101011000110000110100011000110100111000001110011000101010010000000100101010000000000010000010101010010100000100001100010100100110010001010000000010011010001
10011010000000000011010101011000010100010000001110000010000100000000101100111101001110100001100000000000000000101000000100100101010110000101011000110000110100011000110100111000001110011000101010010000000100101010000000000010000010101010010100000100001100010100100110010001010000000010011010001
10011010000000000011000101011000001100010000001110000010000100000000101100111101001110000001100000000000000000101000000100000101010100000101011000100010110100011001110100111000001110011000101010010000000100101010000000000010000010101010010100100100001100010100100110010000010010000010011010000
00111010001000001011000101011000001101010000001110000010000101000000101100111101001110000001100000000000010000001000000110000101010100001001111000100100111100011000110110111000001010010000111010010000000100101010000000000010000010001010000100100100001100010100100110010000000000101001010010001
00111010011000000011000101111000001100010000001110000010000100010000101100111101001110000001100000000000010000001000000100000101010100001001111000100000110100011000110100111000001010010000111010011000000100101010000100000010000010001010000100100100001100010100100110010000000000101001010011000
00111010011000000011000101111000001100010000001110000010000100010000101100111101001110000001100000000000010000001000000100000101010100001001111000100000110100011000110100111000001010010000111010011000000100111010000100000010000010001010000100100100001100010100100110010000000000101101010011000
00000000000001100000101000000010000000101100000000000000000010000000000000000000000000011100010010000010000001000100010000000000000000100000000000000001000000000000000000000100000000100000000100000001000001000000001010010000000100010101000000000000000000000000010000100000000000000000000100000
00111010000000000011010101011000010100010000001110000010000100000000101100111101001110100001100000000000000000101000000100100101010100000101011000110000110100011000110100111000001110011000101010010000000100101010000000000010000010101010010100000100001100010100100110010000010000000010011010000
00111010000000010011000101011000001101010000001110000010000101000000101100111101001111000001100000000000010000001000100100000101010100001011111000100100110100011000110100111000001010010000111010010000000100101010000000000010000010001010000100100100101100010100100110010000000000101001010011000
00111010011000000011000101111000001100010000001110000010000100010000101100111101001110000001100000000000010000001000000100000101010100001001111000100000110100011000110100111000001010010000111010011000000100101010000100000010000010001010000100100100001100010100100110010000000000101001010011000
00111010001000000011000101011000001101010000001110010010000101001000101100111101001110000001100000000100000000001001000100000101010100001001111000100100110100011000110100111000001010010000111010010000000100101010000000001010000010001010000100100100001100010100100110010000000000101001010011000
10011010000000000011010101011000010100010000001110000010000100000010101100111101001110100001100000000000000000101000000100100101110100000101011000110000110100011000110100111000001110011000101010010000000100101010000000000010000010101010010100000100001100010100100110010000010000000010011011000
00111010011000000011000101111000001100010000001110000010000100010000101100111101001110000001100000000000010000001000000100000101010100001001111000100000110100011000110100111000001010010000111010011000000100101010000100000010000010001010000100100100001100010100100111010000000000101001010011000
00111010011000000011000101111000001100010000001110000010000100010000101100111101001110000001100000000000010000001000000100000101010100001001111000100000110100011000110100111000001010010000111010011000000100101010000100000010000010001010000100100100001100010100100110010000000000101001010011000
00111010000000000011000101011000001100010000001110000010001100000000101100111101001110000001100000000000010000001000000100000101010100001001111000100000110100011000110100111000001010010010111010010000000100101010000100000010000010001010001100100100001100010100100110010000000000101001010011000
00111010011000000011000101111000001100010000001110000010000100010000101100111101001110000001100000000000010000001000000100000101010100001001111000100000110100011000110100111000001010010000111010011000000100101010000100000010100010001010000100100100001100010100100110010000000000101001010011000
00111010000000000011000101111000001100010000001110000010000100010000101100111101001110000001100000000000010000001000000100000101010100001001111000100000110100011000110100111000001010010000111010011000000100101010000100000010000010001010000100100100001100010100100110010000000000101001010011000
10011010000000000011000101011000001100010000001110000010000100000000101100111101001110000001100000000000000000101000000100000101011100000001011000100010110100011000110100111000001110011000101010010000000100101010000000000010000010101010010100100100001100010100100110010000010010100010011010000
00111010000000000011010101011000010100010000001110000010000100000000101100111101001110100001100000000000000000101000000100100101010100000101011000110000110100011000110100111000001110011000101010010000000100101010000000000010000010101010010100000100001100010100100110010000010000000010011010000
00000000000011100000101000000010000000101100000000000000010010000000000000000000000000011100011010000010100001000100000000000000000000100000000000000001000000100000000000000100000000100000000100000001010001000000001000010000000100010101000000000000000000001000010000100000000000000000000100000
00111010001000000011000101011000001101010000001110010010000101001000101100111101001110000001100000000100000000001001000100000101010100001001111000100100110100011000110100111000001010010000111010010000000100101010000000001010000010001010000100100100001100010100100110010000000000101001010011000
10011010000000000011010101011000111100010000001110000010000100000000101100111101001110000001100000000000000000101000000100000101010100000001011000100010110100011000110100111000001110011000101010010000000100101010000000000010000010101010010100100100001100010100100110010000010010000010011010000
00111010001000000011000101011000001101010000001110010010000101001000101100111101001110000001100000000100000000001000000100000101010100001001111000100100110100011000110100111000001010010000111010010000000100101010000000001010000010001010000100100100001100010100100110010000000000101001010011000
00111010000000000011010101011000010100010000001110000010000100000000101100111101001110100001100000000000000000101000000100100101010100000101011000110000110100011000110100111000001110011000101010010000000100101010000000000010000010101010010100000100001100010100100110010000010000000010011010000
00111010000000010011000101011000001101010000001110000010000101000000101100111101001111000001100000000000010000001000100100000101010100001011111000100100110100011000110100111000001010010000111010010000000100101010000000000010000010001010000100100100101100010100100110010000000000101001010011000
00111010000000000011000101011000001100010000001110000010000100000000101100111101001110000001100000000000010000001000000100000101010100001001111000100000110100011000110100111000001010010010111010010000000100101010010100000010000010001010000100100100001100010100101110010000000000101001010011000
00111010000000000011000101011000001100010000001110000010000100000000101100111101001110100001100000000000000000101000000100100101010100000101011000110000110100011000110100111000001110011000101010010000000100101010000000000010000010101010010100000100001100010100100110010000010000000010011010000
00111010011000000011000101111000001100010000001110000010000100010000101100111101001110000001100000000000010000001000000100000101010100001001111000100000110100011000110100111000001010010000111010011000000100101010000100000010000010001010000100110100001100010100100110010000000000101001010011000
10011010000000000011010101011000010100010000001110000010000100000000101100111101001110100001100000000000000000101000000100100101010100000101011000110000110100011000110100111000001110011000101010010100000100101010000000000010000010101010010100000100001100010100100110010000010000000010011010001
00111010011000000011000101011001001101010000001110000010000101000100101100111101001110000001100000000000010000001000000100000101010100001001111000100100110100011000110100111000101010010000111010010000001100101010000000000010000010001010000100100100001100010100100110010000000000101001010011000
00111010011000000011000101111000001100010000001110000010000100010000101100111101001110000001100000000000010000001000000100000101010100001001111000100000110100011000110100111000001010010000111010011000000100101010000100000010000010001010000100100100001100010100100110010000000000101001010011000
00111010011000000011000101111000001100010000001110000010000100010000101100111101001110000001100000000000010000001000000100000101010100001001111000100000110100011000110100111000001010010000111010011000000100111010000100000010000010001010000100100100001100010100100110010000000000101101010011000
00111010000000010011000101011000001101010000001110000010000101000000101100111101001111000001100000000000010000001000100100000101010100001011111000100100110100011000110100111000001010010000111010010000000100101010000000000010000010001010000100100100101110010100100110010000000000101001010011000
10011010000000000011000101011000001100010000001110000010000100000000101100111101001110000001100000000000000000101000000100000101010100000001011000100010110100011000110100111000001110011000101010010000000100101011000000000010000010101010010100100101001100010100100110010000010010000010011010000
00111010000000000011000101111000001110010010001110000010000100000000101101111101001110000001100000000000010000001000000100000101010100001001111000100000110100011000110100111001001010010010111010010000000100101010010100000010000010001010000100100100001100010100101110010000000000101001010011000
00111010001000000011000101011000001101010001001110000010000101000000101100111101001110000001100100000000010000001000000100000101010100001001111100100100110100011000110100111000001010010000111010010000000100101010000000100010000010001010000100100100001100010100100110010000000000101001010011000
10011010000000000011010101011000010100010000001110000010000100000010101100111101001110100001100000000000000000101000000100100101110100000101011000100010110100011100110100111000001110011000101010010000000100101010000000000010000010101010010100000100001100010100100110010000010000000010011010000
00111010011000000011000101111000001100010000001110000010000100010000101100111101001110000001100001000000010000001000000100000101010100001001111000100000110100011000110100111000001010010000111010011000000100101010000100000010000010001010000100100100001100010100100110010000000000101001010011000
00111010001000000011000101011000001101010001001110000010000101000000101100111101001110100001100100000000010000001000000100010101010100010101011000110000110100011000110100111000001010010000111010010000000100101010000000000010000010001010000100100100001100010100100110010000000000101001010011000
00111010011000000011000101111000001100010000001110000010000100010000101100111101001110000001100000000000010000001000000101000101010100001001111000100000110100011000110100111000001010010000111010011000000100111010000100000010000010001010000100100100001100010100100110010000000000101101010011000
00111010011000000011000101111000001100010000001110000010000100010000101100111101001110000001100100000000010000001000000100000101010100001001111000100000110100011000110101111000001010010000111010011000000100101010000100000010000010001010000100100100001100010100100110010000000000101001010011000
00111010011000000011000101111000001100010000001110000010000100010000101100111101001110000001100000000000010000001000000100000101010100001001111000100000110100011000110100111000001010010000111010011000000100101010000100000010000010001010100100100100001100010100100110010000000000101001010011000
00111010001000000011000101011000001101010001001110000010000101000000101100111101001110000001100100000000010000001000000100000101010100001001111100100100110100011000110100111000001010010000111010010000000100101010100000000010000010001010000100100100001100010100100110010000000000101001010011000
00111010000000000011010111011000010100010000001110000010000100000000101100111101001110100001100000000000000000101000000100100101010100000101011000110000110100011000110100111000001110011000101010010000000100101010000000000010000010101010010100000100001100010100100110010000010000000010011010000
00111010000000000011010101011000010100010000001110000010000100000000101100111101001110100001100000000000000000101000000100100101010100000101011000110000110100011000110100111000001110011000101010010000000100101010000000000010000010101010010100000100011100010100100110010000010000000010011010000
00111010000000000011010101011000010100010000001110000010000100000000101100111101001110100001100000000000000000101000000100100101010100000101011000110000110100011000110100111000001110011000101010010000000100101010000000000010000010101010010100000100001100010100100110010000010000000010011010001
00111010101000000011000101011000001101010001001110000010000101000000101100111101001110000001100100000000010000011000000100000101010100001001111100100100110100011000110100111000001010010000111010010000000100101010000100000010000010001010000100100100001100010100100110010000000000101001010011000
10011010000000000011010101011000010100010000001110000010000100000000101100111101001110100001100000000000000000101000000100100101010100000101011000110000110100011000110100111000001110011000101010010000000100101010000000000010000010101010010100100100001100010100100110010000010000000010011010001
10011010000000000011010101011000010100010000001110000010000100000000101100111101001110100011100000000000000000101000000100100101010100000101011000110000110100011000110100111000001110011000101010010000000100101010000000000010000010101010010100100100001100010100100110010000010000000010011010001
10011010000000000011010101011000010100010000001110000010000100000000101100111101001110100001100000000000000000101000000100100101010100000101011000110000110100011000110100111000001110011000101010010000000100101010000000000010000010101010010100100100001100010100100110010000010000000010011010001
00111010011000000011000101111000001100010000001110000010000100010000101100111101001110000001100000000000010000001000000100000101010100001001111000100000110100011000110100111000001010010000111010011000000100101010000100000010000010001010000100100100001100010100100110010000000000101001010011000
00111010011000000011000101111000001100010000001110000010000100000000101100111101001110000001100000000000010010001000000100000101010100001001111000100000110100011000110100111000001010010000111010011000000100101010000100000010000010001010000100100100001100010100100110010000000000101001010011000
00111010000000000011000101111000001100010000001110000010000100010000101100111101001110000001100000000000010000001000000100000101010100001001111000100000110100011000110100111000001010010000111010011000000100101010000100000010000010001010000100100100001100010100100110010000000000101001010011000
00111010011000000011000101111000001100010000001110000010000100010000101100111101001110000001100000000000010000001000000100000101010100001001111000100100110100011000110100111000001010010000111010011000000100101010000100000010000010001010000100100100001100010100100110010000000000101001010011000
00111010011000000011000101111000001100010000001110000010000100010000101100111101001110000001100000000000010000001000000100000101010100001001111000100000110100011000110100111000001010010000111010011000000100101010000100000010000010001010000100100100101100010100100110010000000000101001010011000
10011010000000000011010101011000010100010001001010000010000100000000101100111101001110100001100000000000000000101000000100000101010100000001011000100000110100011000110100111000001010010100101010010000000110101010000000000010000010101010010100100100001100010100100010010000000000100001011010000
10011010000000000011010101011000010100010000001110000010000100000000101100111101001110100001100000000000000000101000000100100101110100000101011000110000110100011000110100111000001110011000101010010000000100101010000000000010000010101010010100000100001100010100100110010000010000000010011011000
10011010000000000011000101011000001100010000001110000010000100000000101100111101001110000001100000000000000000101000000100000101010100000001011000100010110100011000110100111000001110011000101010010000000100101010000000000010000010101010010100100100001100010100100110010000010010000010111010000
00111010001000000011000101011000001101010001001110000010000101000000101100111101001110000001100100000000010000001000000100000101010100001001111100100100110100011000110100111000001010010000111010010000000100101010000000000010000010001010000100100100001100010100100110010000000000101001010011000
00111010011000000011000101111000001100010000001110000010000100010000101100111101001110000001100000000000010000001000000100000101010100001001111000100000110100011000110100111000001010010000111010011000000100101010000100000010000010001010000100100100001100010100100110010000000000101001010011000
00111010011000000011000101111000001100010000001110000010000100110000101100111101001110000001100000000000010000001000000100000101010100001001111000100000110100011000110100111000001010010000111010011000000100101010000100000010000010001010000100100100001100010100100110010000000000101001010011000
00111010001000000011000101011000001101010001001110000010000101000000101100111101001110000001100100000000010000001000000100000101010100001001111100100100110100011000110100111000001010010000111010010000000100101010000000000011000010001010000100100100001100010100100110010000000000101001010011000
00111010101000000011000101011000001101010001001110000010000101000000101100111101001110000001100100100000010000001000000100000101010100001001111100100100110100011000110100111000001010010000111010010000000100101010000000000010000010001010000100100100001100010100100110010000000000101001010011000
01111010001000000011010101011000010100010000001110000010000100000001101100111101001110100001100000000000000000101010000100000101010100000001011000110000110100011000110100111000001110010000101010010000000100101010000000000010000010101010010100000100001100010100100110010010010000001001010010100
00111010011000000011000101111000001100010000001110000010000100010000101100111101001110000001100000000000010000001000000100000101010100001001111000100000110100011000110100111000001010010000111010011000000100101010000100000010000010001010000100100100001100010100100110010000000000101001010011000
00111010011000000011000101111000001100010000001110000010000100010000101100111101001110000001100000000000010000001000000100000101010100001001111000100000110100011000110100111000001010010000111010011000000100101010000100000010000010001010000100100100001100010100100110010000000000101101010011000
00111010001000000111000101011000001101010001001110000010000101000000101100111101001110000001100100000000010000001000000100000101010100001001111100100100110100011000110100111000001010010000111010010000000100101010000000000010000010001010000100100100001100010100100110010000000000101001010011000
00111011001000000011000101011000001101010000001110000010000101001000101100111101001110000001100000000100000000001000000100000101010100001001111000100100110100011000110100111000001010010000111010010000000100101010000000000010000010001010000100100100001100010100100110010000000000101001010011000
00111010001000000011000101011000001101010001001110000010000101000000101100111101001110000001100100000000010000001000000100000101010100001001111100100100110100011000110100111000001010010000111010010000000100101010000000000010000010001010000100100100001100010100100110010000000000101001010011000
10011010000000000011010101011000010100010000001110000010000100000010101100111101001110100001100000000000000000101000000100100101110100000101011000110000110100011000110100111000001110011000101010010000000100101010000000000010000010101010010100000100001100010100100110010000010000000010011011000
00000000000001100000101000000010000000101100000000000000000010000000000000000000000000011100010010000010000001000100000000000000000000100000000000000001000000000000000000000100000000100000000100000001000001000000001010010000000100010101000000000000000001001000010000100000000100000000000100000
10011010000000000011010101011000010100010000001110000010000100000000101100111101001110100001100000000000000000101000000100100101010100000101011000110000110100011000110100111000001110011000101010010000000100101010000000000010000010101010010100000100001100010100100110010000010000000010011010000
10011010000000000011010101011000010100010000001110000010000100000000101100111101001110100001100000000000000000101000000100100101010100000101011000110000110100011000110100111000001110011000101010010000000100101010000000000010000010101010010100000100001100010100100110010000010000000010011010000
00111010001000000011000101011000001101010001001110000010000101000000101100111101001110000001100100000000010000001000000100000101010100001001111100100100110100011000110100111000001011010000111010010000000100101010000000000010000010001010000100100100001100010100100110010000000000101001010011000
00111010000000000011000101011001001101010000001110000010000101000000101100111101001110000001100000000000010000001000000100000101010100001001111000100100110100011000110100111000001010010000111010010000000100101010000000000010000010101010010100100100001100010101100110010000000000101001010011010
00111010011000000011000101111000001100010000001110000010000100010000101100111101001110000001100000000000010000001000000100000101010100001001111000100000110100011000110100111000001010010000111010011000000100101010000100000010000010001010000100100100001100010100100110010000000000101001010011000
00111010011000000011000101111000001100010000001110000010000100010000101100111101001110000001100000000000010000001000000100000101010100001001111000100000110100011000110100111000001010010000111010011000000100101010000100000010000010001010000100100100001100010100100110010000000000101001010011000
00111010001000000011000101011000001101010001001110000010000101000000101100111101001110100001100000000000010000001000000100000101010100001001111100100100110100011000110100111000001010010000111010010000000100101010000000000010000010001010000100100100001100010100100110010000000000101001010011000
00111010011000000011000101111000001100010000001110000010000100010000101100111101001110000001100000000000010000001000000100000101010100001001111000100000110100011000110100111000001010010000111010011000000100101010000100000010000010001010000100100100001100010100100110010000000000101101010011000
00111010001000000011000101011000001101010001001110000010000101000000101100111101001110000001100100000000010000001000000100000101010100001001111100100100110100011000110100111000001110010000111010010000000100101010000000000010000010001010000100100100001100010100100110010000000000101001010011000
00111010000000000011010101011000010100010000001110000010000100000000101100111101001110100001100000000000000000101000000100100101010100000101011000110000110100011000110100111000001110011000101010010000000100101010000000000010000010101010010100000100001100010100100110010000010000000010011010000
00111010011000000011000101111000001100010000001110000010000100010000101100111101001110000001100000000000010000001000000100000101010100001001111000100000110100011000110100111000001010010000111010010000000100101010000100000010000010001010000100100100001100010100100110010000000000101001010011000
00111110000000000011000101011000001100010000001110000010000100000000101100111101001110000001100000000000010000001000000100000101010100001001111000100000110100011000110100111000001010010010111010010000000100101010000100000010000010001010000100100100001100010100100110010000000000101001010011000
10011010000000000011000101011000001100010000001110000010000100000000101100111101001110000001100000000000000000101000000100000101010100000001011000100010110100011000110100111000001110011000101010010000000100101010000000000010000010101010010100100100001100010100100110010000010010000010011010000
00111010011000000011000101111000001100010000001110000110000100010000101100111101001110000001100000000000010000001000000100000101010100001001111000100000110100011000110100111000001010010000111010011000000100101010000100000010000010001010000100100100001100010100100110010000000000101001010011000
00111010000000000011010101011000010100010000001110000010000100000000101100111101001110100001100000000000000000101000000100100101010100000101011000110000110100011000110100111000001110011000101010010000000100101010000000000010000010101010010100000100001100010100100110010000010000000010011010000
00111010000000000011010101011000010100010000001110000010000100000000101100111101001110100001100000000000000000101000000100100101010100000101011000110000110100011000110100111000001110011000101010010000100100101010000000000010000010101010010100000100001100010100100110010000010000000010011010000
10011010000000000011010101011000010100010000001110000010000100000000101100111101001110100001100000000000000000101000000100100101010100000101011000110000110100011000110100111000001110011000101010010000000100101010000000000010000010101010010100100100001100010100100110010000010010000010011010001
00111010011000000011000101111000001100010000001110000010000100010000101100111101001110000001100000000000010000001000000100000101010100001001111000100000110100011000110100111000001010010000111010011000000100101010000100000010000010001010000100100100001100010100100110010000000000101101010011000
10011010000000000011000101011000001100010000001110000010000100000000101100111101001110000001100000000000000000101000000100000101010100000101011000100010110100011001110100111000001110011000101010010000000100101010000000000010000010101010010100100100001100010100100110011000010010000010011010000
00111010000000000011010101011000010100010000001110000010000100000000101100111101001110100001100000000000000000101000000100100101010100000101011000110000110100011000110100111000001110011000101010010000000100101010000000000010000010101010010100000100001100010100100110010000010000000010011010000
00111010011000000011000101111000001100010000001110000010000100010000101100111101001110000001100000000000010000001000000100000101010100001001111000100000110100011000110100111000001010010000111010011000000100101010000100000010000010001010000100100100001100010100100110010000000000101001010011000
00111010011000000011000101111000001100010000001110000010000100010000101100111101001110000001100000000000010000001000000100000101010100001001111000100000110100011000110100111000001010010000111010011000000100101010000100000010000010001010000100100100001100010100100110010000000000101001010011000
10011010000000000011000101011000001100010000001110000010000100000000101100111101001110000001100000000000000000101000000100000101010100000101011000100010110100011001110100111000001110011000101010010000000100101010000000000010000010101010010100100100001100010100100110010000010010000010011010000
00111010001000000011000101011000001101010001001110000010000101000000101100111101001110000001100100000000010000001000000100000101010100001001111100100100110100011000110100111000001010010000111010010000000100101010000000000010000010001010000100100100001100010100100110010000000000101001010011000
10011010000000000011010101011000010100010000001110000010000100000010101100111101001110100001100000000000000000101000000100100101110100000101011000110000110100011000110100111000001110011000101010010000000100101010000000000010000010101010010100000100001100010100100110010000010000000010011011000
00000000000001100000101000000010000000101100000000000000000010000000000000000000000000011100010010000010000001000100000000000000000000100000000000000001000000000000000000000100000000100000000100000001000001000000001010010000000100010101000000000000000001001000010000100000000100000000000100000
00111010011000000011000101111000001100010000001110000010000100010000101100111101001110000001100000000000010010001000000100000101010100001001111000100000110100011000110100111000001010010000111010011000000100101010000100000010000010001010000100100100001100010100100110010000000000101001010011000
00111010000000000011000101011000010100010000001110000010000101000000101100111101001110000001100000000000010000001000000100000101010100001001111000101000110110011000110100111000001010010000111010010000000100101010000000000010000011001010000100101100001100010100100110010000000000100001010011000
00111010000000000011000101011000001100010000001110000010000100000000101100111101001110000001100000000000010000001000000100000101010100001001111000100000110100011000110100111000001010010010111010010000000100101010010100000010000010001010000100100100001100010100101110010000000000101001010011000
00111010011000000011000101111000001100010000001110000010000100010000101100111101001110000001100001000000010000001000000100000101010100001001111000100000110100011000110100111000001010010000111010011000000100101010000100000010000010001010000100100100001100010100100110010000000000101001010011000
10011010000000000011000101011000001100010000001110001010000100000000111100111101001110000001100000000000000000101000000100000101010100000101011000100010110100011001110100111000001110011000101010010000000100101010000000000010000010101010010100100100001100010100100110010000010010000010011010000
00111010001000000011000101011000001101010001001110000010000101000000101100111101001110000001100100000000010000001000000100000101010100001001111100100100110100011000110100111000001010010000111010010000000100101010000000100010000010001010000100100100001100010100100110010000000000101001010011000
00111010011000000011000101111000001100010000001110000010000100010000101100111101001110000001100000000000010000001000000100000101010100001001111000100000110100011000110100111000001010010000111010011000000100101010000100000010000010001010000100100100001100010100100110010000000000101001010011000
00111010011000000011000101111000001100010000001110000010000100010000101100111101001110000001100000000000010000001000000100000101010100001001111000100000110100011000110100111000001010010000111010011000000100101010000100000010000010001010000100110100001100010100100110010000000000101001010011000
10011010011000000011010101011000010100010000001110000010000100000010101100111101001110100001100000000000000000101000000100100101110100000101011000110000110100011000110100111000001110011000101010010000000100101010000000000010000010101010010100000100001100010100100110010000010000000010011011000
10011010000000000011010101011000010100010000001110000010000100000010101100111101001110100001100000000000000000101000000100100101110100000101011000100010110100011000110100111000001110011000101010010000000100101010000000000010000010101010010100000100001100010100100110010000010000000010011010000
00111010001000000011000101011000001101010000001110010010000101001000101100111101001110000001100000000100000000001001000100000101010100001001111000100100110100011000110100111000001010010000111010010000000100101010000000001010000010001010000100100100001100010100100110010000000000101001010011000
00111010011000000011000101011001001101010000001110000010000101000000101100111101001110000001100000000000010000001000000100000101010100001001111000100100110100011000110100111000001010010000111010010000000100101010000100000010000010001010000100100100001100010100100110010000000000101001010011000
00111010011000000011000101111000001100010000001110000010000100010000101100111101001110000001100000000000010000001000000100000101010100001001111000100000110100011000110100111000001010010000111010011000000100101010000100000010100010001010000100100100001100010100100110010000000000101001010011000
00111010000000000011010101011000010100010000001110000010000100000000101100111101001110100001100000000000000000101000000100100101010100000101011000110000110100011000110100111000001110011000101010010000000100101010000000000010000010101010010100000100011100010100100110010000010000000010011010000
00111010001000000011000101011000001101010001001110000010000101000000101100111101001110000001100100000000010000001000000100000101010100001001111100100100110100011000110100111000001010010000111010010000000100101010000000000010000010001010000100100100001100010100100110010000000000101001010011000
10011010000000000011010101011000010100010000001110000010000100000000101100111101001110100001100000000000000000101000000100100101010100000101011000110000110100011000110100111000001110011000101010010000000100101010000000000010000010101010010100000100001100010100100110010000010000000010011010000
00111010011000000011000101111000001100010000001110000010000100010000101100111101001110000001100000000000010000001000000100000101010100001001111000100100110100011000110100111000001010010000111010011000000100101010000100000010000010001010000100100100001100010100100110010000000000101001010011000
10011010000000000011000101011000001100010000001110000010000100000000101100111101001110000001100000000000000000101000000100000101010100000101011000100010110100011001110100111000001110011000101010010000000100101010000000000010000010101010010100100100001100010100100110011000010010000010011010000
00111010011000000011000101111000001100010000001110000010000100010000101100111101001110000001100000000000010000001000000100000101010100001001111000100000110100011000110100111000001010010000111010011000000100111010000100000010000010001010000100100100001100010100100110010000000000101101010011000
00111010011000000011000101111000001100010000001110000010000100010000101100111101001110000001100000000000010000001000000100001101010100001001111000100000110100011000110100111000001010010000111010011000000100101010000100000010000010001010000110100100001100010100100110010000001000101001010011000
00111010011000000011000101111000001100010000001110000010000100010000101100111101001110000001100000000000010000001000000100000101010100001001111000100000110100011000110100111000001010010000111010011000000100111010000100000010000010001010000100100100001100010100100110010000000000101101010011000
10011010000000000011010101011000010100010000001110000010000100000010101100111101001110100001100000000000000000101000000100100101110100000101011000100010110100011000110100111010001110011000101010010000000100101010000000000010000010101010010100000100001100010100100110010000010000000010011010000
00111010011100000011000101111000001100010000001110000010000100010000101100111101001110000001100000000000010000001000000100000101010100001001111000100000110100011000110100111000001010010000111010011000000100101010000100000010000010001010000100100100001100010100100110010000000000101101010011000
00111010011000000011000101111000001100010000001110000010000100010000101100111101001110000001100000000000010000001000000100000101010100001001111000100000110100011000110100111000001010010000111010011000000100101010000100000010000010001010000100100100001100010100100110010000000000101001010011000
00111010001000000011000101011000001101010001001110000010000101000000101100111101001110000001100100000000010000001000000100000101010100001001111100100100110100011000110100111000001010010000111010010000000100101010000000000010000010001010000100100100001100010100100110010000000000101001010011000
00111010000000000011010101011000010100010000001110000010000100000000101100111101001110100001100000000000000000101000000100100101010100000101011000110000110101011000110100111000001110011000101010010000000100101010000000000010000010101010010100000100001100010100100110010000010000000010011010000
10011010000000000011000101011000001100010000001110000010000100000000101100111101001110000001100000000000000000101000000100000101010100000101011000100010110100011001110100111000001110011000101010010000000100101010000000000010000010101010010100100100001100010100100110010000010010000010011010000
00000000000001100000101000000010000000101100000000000000000010000000000010000000000000011100010010000010001101000100000000000000000001100000000001000001000000100000000000000100000000100000000100000001000001000000001000010000000100010101000001000000000000000000010000100000000000000000000100000
00111010001000000011000101011000001101010001101110000010000101000000101100111101001110000001100100000000010000001000000100000101010100001001111100100100110100011000110100111000001010010000111010010000000100101010000000000010000010001010000100100100001100010100100110010000000000101001010011000
