######## number of individuals with seqs
1000
num segsites 6344
0	5
1	24
2	36
3	49
4	59
5	76
6	93
7	114
8	120
9	133
10	163
11	233
12	235
13	236
14	242
15	248
16	251
17	255
18	282
19	303
20	307
21	309
22	326
23	326
24	356
25	371
26	384
27	398
28	434
29	435
30	437
31	470
32	477
33	479
34	489
35	517
36	527
37	573
38	643
39	658
40	667
41	670
42	683
43	696
44	709
45	723
46	725
47	755
48	757
49	776
50	797
51	808
52	831
53	839
54	849
55	849
56	860
57	886
58	895
59	895
60	901
61	904
62	912
63	938
64	940
65	950
66	969
67	1145
68	1159
69	1161
70	1171
71	1173
72	1181
73	1187
74	1197
75	1197
76	1203
77	1217
78	1222
79	1226
80	1238
81	1238
82	1257
83	1260
84	1264
85	1275
86	1291
87	1312
88	1316
89	1326
90	1326
91	1328
92	1414
93	1426
94	1505
95	1506
96	1523
97	1529
98	1536
99	1633
100	1653
101	1708
102	1724
103	1733
104	1758
105	1763
106	1766
107	1780
108	1785
109	1847
110	1862
111	1906
112	1910
113	1911
114	1977
115	1978
116	1989
117	1992
118	2019
119	2021
120	2023
121	2037
122	2039
123	2042
124	2044
125	2055
126	2061
127	2076
128	2079
129	2083
130	2105
131	2111
132	2133
133	2174
134	2177
135	2183
136	2203
137	2220
138	2234
139	2286
140	2297
141	2298
142	2314
143	2314
144	2320
145	2349
146	2396
147	2402
148	2411
149	2441
150	2452
151	2460
152	2478
153	2505
154	2542
155	2562
156	2587
157	2588
158	2615
159	2617
160	2618
161	2629
162	2629
163	2631
164	2650
165	2667
166	2691
167	2708
168	2715
169	2720
170	2726
171	2734
172	2746
173	2746
174	2756
175	2776
176	2781
177	2793
178	2796
179	2831
180	2857
181	2867
182	2888
183	2900
184	2903
185	2914
186	2934
187	3002
188	3007
189	3011
190	3028
191	3051
192	3055
193	3097
194	3103
195	3120
196	3130
197	3132
198	3133
199	3157
200	3179
201	3188
202	3196
203	3270
204	3273
205	3277
206	3313
207	3320
208	3333
209	3381
210	3382
211	3385
212	3432
213	3434
214	3439
215	3447
216	3454
217	3458
218	3499
219	3500
220	3546
221	3546
222	3565
223	3572
224	3577
225	3578
226	3594
227	3619
228	3640
229	3669
230	3681
231	3688
232	3706
233	3719
234	3721
235	3729
236	3729
237	3734
238	3742
239	3753
240	3777
241	3779
242	3786
243	3786
244	3788
245	3826
246	3865
247	3891
248	3909
249	3933
250	3945
251	3956
252	4006
253	4050
254	4053
255	4058
256	4058
257	4074
258	4087
259	4106
260	4160
261	4172
262	4181
263	4251
264	4254
265	4277
266	4292
267	4333
268	4349
269	4356
270	4370
271	4374
272	4382
273	4437
274	4458
275	4459
276	4502
277	4580
278	4583
279	4614
280	4617
281	4628
282	4639
283	4675
284	4686
285	4735
286	4749
287	4762
288	4782
289	4804
290	4826
291	4860
292	4899
293	4905
294	4910
295	4940
296	4953
297	4953
298	4957
299	4965
300	4971
301	4981
302	4989
303	4991
304	5013
305	5018
306	5023
307	5044
308	5044
309	5057
310	5060
311	5088
312	5103
313	5105
314	5107
315	5111
316	5133
317	5148
318	5161
319	5169
320	5170
321	5177
322	5190
323	5195
324	5211
325	5223
326	5272
327	5274
328	5294
329	5304
330	5315
331	5326
332	5338
333	5352
334	5355
335	5362
336	5371
337	5376
338	5377
339	5386
340	5396
341	5404
342	5404
343	5446
344	5450
345	5466
346	5477
347	5483
348	5507
349	5512
350	5540
351	5565
352	5574
353	5588
354	5613
355	5628
356	5640
357	5663
358	5676
359	5695
360	5696
361	5709
362	5738
363	5757
364	5766
365	5783
366	5806
367	5808
368	5824
369	5831
370	5857
371	5857
372	5876
373	5877
374	5891
375	5895
376	5911
377	5923
378	5951
379	5951
380	5971
381	5983
382	5985
383	5991
384	6046
385	6068
386	6089
387	6090
388	6093
389	6103
390	6110
391	6116
392	6125
393	6125
394	6131
395	6160
396	6178
397	6181
398	6192
399	6194
400	6237
401	6242
402	6264
403	6277
404	6279
405	6289
406	6308
407	6333
408	6351
409	6358
410	6387
411	6389
412	6389
413	6435
414	6442
415	6451
416	6497
417	6498
418	6537
419	6574
420	6595
421	6623
422	6626
423	6628
424	6632
425	6635
426	6643
427	6644
428	6662
429	6682
430	6697
431	6701
432	6724
433	6733
434	6735
435	6737
436	6798
437	6867
438	6896
439	6914
440	6917
441	6956
442	6963
443	6966
444	6977
445	7009
446	7020
447	7022
448	7037
449	7090
450	7091
451	7122
452	7177
453	7181
454	7187
455	7188
456	7224
457	7227
458	7252
459	7308
460	7390
461	7414
462	7416
463	7421
464	7426
465	7449
466	7450
467	7462
468	7525
469	7536
470	7553
471	7558
472	7571
473	7608
474	7621
475	7633
476	7638
477	7679
478	7709
479	7716
480	7738
481	7758
482	7767
483	7797
484	7808
485	7819
486	7859
487	7871
488	7877
489	7895
490	7917
491	7929
492	7931
493	7954
494	7965
495	7966
496	7972
497	7973
498	7975
499	7983
500	8016
501	8031
502	8043
503	8050
504	8059
505	8077
506	8110
507	8113
508	8150
509	8161
510	8263
511	8311
512	8334
513	8334
514	8346
515	8399
516	8424
517	8425
518	8456
519	8476
520	8495
521	8496
522	8532
523	8539
524	8545
525	8554
526	8562
527	8565
528	8579
529	8584
530	8606
531	8626
532	8632
533	8649
534	8666
535	8672
536	8690
537	8690
538	8712
539	8720
540	8739
541	8741
542	8760
543	8774
544	8783
545	8795
546	8802
547	8810
548	8838
549	8841
550	8843
551	8844
552	8859
553	8867
554	8873
555	8921
556	8932
557	8953
558	8992
559	9005
560	9030
561	9033
562	9059
563	9072
564	9094
565	9124
566	9133
567	9142
568	9166
569	9176
570	9204
571	9212
572	9245
573	9247
574	9258
575	9264
576	9267
577	9270
578	9301
579	9310
580	9330
581	9341
582	9357
583	9386
584	9406
585	9418
586	9456
587	9482
588	9498
589	9529
590	9548
591	9593
592	9621
593	9632
594	9637
595	9644
596	9645
597	9647
598	9711
599	9721
600	9722
601	9725
602	9738
603	9768
604	9770
605	9786
606	9801
607	9808
608	9810
609	9818
610	9840
611	9860
612	9878
613	9888
614	9890
615	9900
616	9921
617	9930
618	9942
619	9942
620	9965
621	9978
622	9988
623	9994
624	10005
625	10040
626	10043
627	10048
628	10069
629	10071
630	10132
631	10142
632	10177
633	10195
634	10199
635	10201
636	10233
637	10245
638	10252
639	10253
640	10254
641	10294
642	10303
643	10316
644	10432
645	10465
646	10478
647	10492
648	10501
649	10505
650	10512
651	10515
652	10538
653	10541
654	10551
655	10559
656	10563
657	10579
658	10599
659	10607
660	10631
661	10673
662	10700
663	10712
664	10724
665	10742
666	10743
667	10796
668	10812
669	10873
670	10875
671	10888
672	10899
673	10910
674	10928
675	10960
676	10968
677	10979
678	10983
679	11008
680	11013
681	11035
682	11050
683	11064
684	11079
685	11146
686	11150
687	11172
688	11172
689	11176
690	11188
691	11216
692	11223
693	11230
694	11232
695	11248
696	11265
697	11276
698	11277
699	11278
700	11311
701	11313
702	11316
703	11338
704	11393
705	11410
706	11412
707	11468
708	11485
709	11487
710	11503
711	11512
712	11515
713	11565
714	11583
715	11587
716	11593
717	11623
718	11634
719	11677
720	11679
721	11681
722	11692
723	11696
724	11707
725	11717
726	11729
727	11739
728	11756
729	11762
730	11765
731	11776
732	11826
733	11851
734	11869
735	11889
736	11903
737	11952
738	11996
739	12005
740	12006
741	12029
742	12055
743	12060
744	12085
745	12087
746	12088
747	12108
748	12136
749	12140
750	12149
751	12166
752	12209
753	12224
754	12246
755	12255
756	12263
757	12298
758	12305
759	12313
760	12317
761	12323
762	12351
763	12353
764	12372
765	12373
766	12397
767	12413
768	12416
769	12441
770	12467
771	12467
772	12469
773	12491
774	12509
775	12516
776	12518
777	12537
778	12538
779	12556
780	12558
781	12573
782	12579
783	12583
784	12588
785	12597
786	12608
787	12630
788	12654
789	12688
790	12693
791	12699
792	12704
793	12736
794	12751
795	12755
796	12759
797	12759
798	12790
799	12794
800	12839
801	12844
802	12871
803	12916
804	12938
805	12944
806	12947
807	12966
808	13023
809	13027
810	13048
811	13058
812	13062
813	13097
814	13099
815	13119
816	13126
817	13172
818	13178
819	13179
820	13197
821	13229
822	13230
823	13235
824	13249
825	13281
826	13281
827	13300
828	13322
829	13329
830	13335
831	13341
832	13346
833	13354
834	13390
835	13392
836	13394
837	13412
838	13417
839	13431
840	13451
841	13472
842	13476
843	13476
844	13505
845	13513
846	13526
847	13547
848	13558
849	13566
850	13570
851	13572
852	13596
853	13615
854	13636
855	13644
856	13659
857	13691
858	13705
859	13723
860	13762
861	13766
862	13770
863	13798
864	13841
865	13860
866	13874
867	13911
868	13916
869	13932
870	13942
871	13944
872	13963
873	13979
874	13982
875	14011
876	14031
877	14035
878	14046
879	14046
880	14047
881	14049
882	14071
883	14091
884	14116
885	14117
886	14136
887	14147
888	14158
889	14209
890	14223
891	14234
892	14234
893	14241
894	14247
895	14248
896	14276
897	14277
898	14278
899	14282
900	14327
901	14342
902	14348
903	14354
904	14359
905	14388
906	14391
907	14405
908	14408
909	14422
910	14427
911	14427
912	14429
913	14440
914	14483
915	14512
916	14520
917	14526
918	14531
919	14538
920	14554
921	14557
922	14557
923	14563
924	14565
925	14582
926	14586
927	14586
928	14597
929	14621
930	14653
931	14657
932	14661
933	14679
934	14680
935	14681
936	14688
937	14697
938	14713
939	14725
940	14730
941	14739
942	14748
943	14748
944	14749
945	14751
946	14762
947	14768
948	14772
949	14792
950	14835
951	14857
952	14860
953	14880
954	14885
955	14909
956	14924
957	14958
958	14962
959	14981
960	14987
961	14997
962	15015
963	15025
964	15029
965	15030
966	15040
967	15051
968	15056
969	15073
970	15105
971	15134
972	15160
973	15217
974	15224
975	15231
976	15232
977	15244
978	15249
979	15250
980	15256
981	15262
982	15269
983	15302
984	15308
985	15309
986	15314
987	15319
988	15327
989	15347
990	15356
991	15382
992	15386
993	15433
994	15445
995	15445
996	15470
997	15503
998	15524
999	15533
1000	15539
1001	15544
1002	15545
1003	15552
1004	15556
1005	15568
1006	15643
1007	15655
1008	15656
1009	15663
1010	15664
1011	15666
1012	15691
1013	15720
1014	15732
1015	15774
1016	15781
1017	15795
1018	15800
1019	15814
1020	15814
1021	15818
1022	15849
1023	15863
1024	15863
1025	15872
1026	15877
1027	15882
1028	15904
1029	15914
1030	15951
1031	15997
1032	15998
1033	16005
1034	16016
1035	16055
1036	16084
1037	16103
1038	16106
1039	16108
1040	16119
1041	16128
1042	16130
1043	16130
1044	16138
1045	16164
1046	16184
1047	16232
1048	16321
1049	16332
1050	16343
1051	16360
1052	16360
1053	16364
1054	16408
1055	16472
1056	16494
1057	16509
1058	16556
1059	16558
1060	16562
1061	16578
1062	16578
1063	16594
1064	16607
1065	16618
1066	16626
1067	16633
1068	16673
1069	16688
1070	16689
1071	16691
1072	16696
1073	16701
1074	16711
1075	16780
1076	16802
1077	16810
1078	16814
1079	16818
1080	16819
1081	16848
1082	16862
1083	16868
1084	16869
1085	16914
1086	16941
1087	16952
1088	16971
1089	16972
1090	17002
1091	17027
1092	17055
1093	17066
1094	17070
1095	17073
1096	17106
1097	17110
1098	17121
1099	17148
1100	17191
1101	17211
1102	17221
1103	17222
1104	17230
1105	17234
1106	17243
1107	17259
1108	17260
1109	17265
1110	17276
1111	17276
1112	17316
1113	17361
1114	17362
1115	17365
1116	17372
1117	17377
1118	17382
1119	17384
1120	17388
1121	17395
1122	17403
1123	17425
1124	17464
1125	17470
1126	17503
1127	17506
1128	17511
1129	17557
1130	17568
1131	17598
1132	17612
1133	17635
1134	17656
1135	17661
1136	17704
1137	17706
1138	17727
1139	17759
1140	17762
1141	17765
1142	17772
1143	17789
1144	17803
1145	17819
1146	17829
1147	17860
1148	17869
1149	17873
1150	17875
1151	17878
1152	17882
1153	17900
1154	17913
1155	17916
1156	17935
1157	17936
1158	17944
1159	17969
1160	17976
1161	17995
1162	17997
1163	18009
1164	18017
1165	18032
1166	18036
1167	18048
1168	18083
1169	18100
1170	18109
1171	18141
1172	18142
1173	18146
1174	18150
1175	18182
1176	18212
1177	18220
1178	18247
1179	18249
1180	18257
1181	18257
1182	18263
1183	18267
1184	18282
1185	18300
1186	18316
1187	18328
1188	18362
1189	18468
1190	18479
1191	18482
1192	18483
1193	18484
1194	18509
1195	18509
1196	18512
1197	18538
1198	18565
1199	18570
1200	18574
1201	18575
1202	18599
1203	18610
1204	18612
1205	18617
1206	18620
1207	18665
1208	18688
1209	18703
1210	18706
1211	18708
1212	18723
1213	18727
1214	18728
1215	18732
1216	18756
1217	18758
1218	18781
1219	18794
1220	18800
1221	18811
1222	18824
1223	18849
1224	18849
1225	18862
1226	18867
1227	18925
1228	18941
1229	18945
1230	18966
1231	18977
1232	18978
1233	18979
1234	18982
1235	18989
1236	18992
1237	19025
1238	19047
1239	19065
1240	19096
1241	19108
1242	19154
1243	19200
1244	19208
1245	19228
1246	19245
1247	19256
1248	19265
1249	19267
1250	19285
1251	19289
1252	19292
1253	19318
1254	19358
1255	19360
1256	19365
1257	19409
1258	19470
1259	19473
1260	19483
1261	19500
1262	19519
1263	19523
1264	19550
1265	19563
1266	19580
1267	19590
1268	19601
1269	19607
1270	19618
1271	19620
1272	19664
1273	19695
1274	19697
1275	19698
1276	19705
1277	19707
1278	19710
1279	19715
1280	19742
1281	19746
1282	19776
1283	19810
1284	19859
1285	19863
1286	19894
1287	19912
1288	20014
1289	20018
1290	20041
1291	20053
1292	20053
1293	20107
1294	20119
1295	20157
1296	20170
1297	20186
1298	20193
1299	20197
1300	20198
1301	20199
1302	20237
1303	20263
1304	20273
1305	20284
1306	20293
1307	20316
1308	20323
1309	20358
1310	20370
1311	20372
1312	20377
1313	20380
1314	20384
1315	20413
1316	20413
1317	20415
1318	20417
1319	20466
1320	20468
1321	20473
1322	20485
1323	20487
1324	20487
1325	20497
1326	20519
1327	20548
1328	20553
1329	20567
1330	20569
1331	20592
1332	20601
1333	20609
1334	20617
1335	20618
1336	20622
1337	20625
1338	20638
1339	20639
1340	20651
1341	20688
1342	20694
1343	20706
1344	20719
1345	20723
1346	20744
1347	20817
1348	20846
1349	20885
1350	20888
1351	20888
1352	20934
1353	20964
1354	20968
1355	20975
1356	20981
1357	20994
1358	21027
1359	21048
1360	21063
1361	21067
1362	21069
1363	21077
1364	21081
1365	21125
1366	21141
1367	21144
1368	21185
1369	21208
1370	21210
1371	21214
1372	21241
1373	21261
1374	21268
1375	21273
1376	21285
1377	21285
1378	21363
1379	21381
1380	21382
1381	21389
1382	21394
1383	21400
1384	21402
1385	21424
1386	21438
1387	21478
1388	21488
1389	21541
1390	21559
1391	21561
1392	21579
1393	21583
1394	21586
1395	21600
1396	21608
1397	21630
1398	21632
1399	21682
1400	21690
1401	21696
1402	21708
1403	21708
1404	21726
1405	21729
1406	21752
1407	21844
1408	21853
1409	21858
1410	21868
1411	21869
1412	21871
1413	21873
1414	21907
1415	21952
1416	21966
1417	21968
1418	21987
1419	21996
1420	22013
1421	22028
1422	22042
1423	22089
1424	22090
1425	22110
1426	22110
1427	22111
1428	22135
1429	22156
1430	22179
1431	22184
1432	22188
1433	22190
1434	22193
1435	22202
1436	22217
1437	22224
1438	22232
1439	22336
1440	22339
1441	22351
1442	22358
1443	22360
1444	22363
1445	22382
1446	22386
1447	22408
1448	22435
1449	22470
1450	22483
1451	22489
1452	22515
1453	22517
1454	22540
1455	22576
1456	22583
1457	22610
1458	22611
1459	22611
1460	22624
1461	22671
1462	22697
1463	22724
1464	22734
1465	22737
1466	22744
1467	22748
1468	22755
1469	22760
1470	22776
1471	22790
1472	22804
1473	22811
1474	22814
1475	22816
1476	22820
1477	22842
1478	22854
1479	22863
1480	22863
1481	22875
1482	22893
1483	22923
1484	22925
1485	22933
1486	22965
1487	22970
1488	22977
1489	23000
1490	23014
1491	23044
1492	23112
1493	23132
1494	23144
1495	23151
1496	23152
1497	23153
1498	23165
1499	23166
1500	23170
1501	23172
1502	23184
1503	23188
1504	23219
1505	23230
1506	23235
1507	23239
1508	23276
1509	23276
1510	23305
1511	23322
1512	23325
1513	23351
1514	23374
1515	23376
1516	23407
1517	23421
1518	23427
1519	23440
1520	23451
1521	23458
1522	23463
1523	23467
1524	23473
1525	23474
1526	23476
1527	23484
1528	23508
1529	23576
1530	23600
1531	23619
1532	23719
1533	23724
1534	23731
1535	23735
1536	23750
1537	23759
1538	23777
1539	23781
1540	23834
1541	23848
1542	23881
1543	23902
1544	23909
1545	23913
1546	23926
1547	23984
1548	23989
1549	24035
1550	24037
1551	24039
1552	24042
1553	24044
1554	24049
1555	24071
1556	24102
1557	24109
1558	24110
1559	24112
1560	24258
1561	24265
1562	24275
1563	24291
1564	24301
1565	24313
1566	24363
1567	24397
1568	24399
1569	24405
1570	24406
1571	24422
1572	24445
1573	24468
1574	24492
1575	24495
1576	24509
1577	24530
1578	24538
1579	24547
1580	24548
1581	24553
1582	24554
1583	24567
1584	24600
1585	24601
1586	24608
1587	24679
1588	24682
1589	24688
1590	24704
1591	24715
1592	24722
1593	24745
1594	24763
1595	24766
1596	24772
1597	24784
1598	24871
1599	24873
1600	24875
1601	24904
1602	24907
1603	24911
1604	24912
1605	24929
1606	24943
1607	24944
1608	24958
1609	24960
1610	24977
1611	24993
1612	24998
1613	25005
1614	25009
1615	25021
1616	25029
1617	25053
1618	25056
1619	25060
1620	25099
1621	25134
1622	25148
1623	25149
1624	25167
1625	25181
1626	25190
1627	25213
1628	25227
1629	25244
1630	25278
1631	25283
1632	25319
1633	25369
1634	25382
1635	25417
1636	25430
1637	25437
1638	25451
1639	25469
1640	25496
1641	25501
1642	25527
1643	25534
1644	25555
1645	25556
1646	25558
1647	25566
1648	25571
1649	25576
1650	25583
1651	25615
1652	25662
1653	25685
1654	25716
1655	25727
1656	25733
1657	25760
1658	25783
1659	25792
1660	25807
1661	25817
1662	25820
1663	25821
1664	25822
1665	25825
1666	25827
1667	25857
1668	25888
1669	25928
1670	25939
1671	25944
1672	25966
1673	25969
1674	25980
1675	25992
1676	25992
1677	26006
1678	26008
1679	26021
1680	26052
1681	26056
1682	26060
1683	26113
1684	26173
1685	26179
1686	26187
1687	26216
1688	26224
1689	26263
1690	26267
1691	26269
1692	26283
1693	26284
1694	26299
1695	26304
1696	26313
1697	26318
1698	26318
1699	26338
1700	26343
1701	26347
1702	26370
1703	26395
1704	26453
1705	26470
1706	26471
1707	26476
1708	26522
1709	26528
1710	26528
1711	26533
1712	26538
1713	26568
1714	26570
1715	26570
1716	26578
1717	26595
1718	26598
1719	26621
1720	26633
1721	26639
1722	26676
1723	26709
1724	26736
1725	26750
1726	26766
1727	26766
1728	26769
1729	26770
1730	26835
1731	26838
1732	26850
1733	26912
1734	26955
1735	26977
1736	27021
1737	27051
1738	27064
1739	27083
1740	27119
1741	27133
1742	27134
1743	27165
1744	27179
1745	27184
1746	27198
1747	27227
1748	27232
1749	27246
1750	27247
1751	27269
1752	27274
1753	27325
1754	27327
1755	27355
1756	27369
1757	27380
1758	27399
1759	27409
1760	27414
1761	27423
1762	27424
1763	27427
1764	27467
1765	27477
1766	27477
1767	27499
1768	27503
1769	27506
1770	27513
1771	27519
1772	27523
1773	27525
1774	27537
1775	27544
1776	27555
1777	27562
1778	27565
1779	27637
1780	27662
1781	27684
1782	27693
1783	27700
1784	27714
1785	27722
1786	27747
1787	27770
1788	27808
1789	27917
1790	27947
1791	27949
1792	27979
1793	28015
1794	28030
1795	28069
1796	28082
1797	28103
1798	28107
1799	28113
1800	28149
1801	28155
1802	28164
1803	28178
1804	28179
1805	28189
1806	28190
1807	28198
1808	28210
1809	28219
1810	28232
1811	28239
1812	28241
1813	28253
1814	28256
1815	28262
1816	28279
1817	28282
1818	28299
1819	28319
1820	28334
1821	28337
1822	28365
1823	28365
1824	28384
1825	28400
1826	28406
1827	28408
1828	28413
1829	28414
1830	28438
1831	28480
1832	28558
1833	28565
1834	28585
1835	28597
1836	28612
1837	28620
1838	28654
1839	28666
1840	28698
1841	28699
1842	28701
1843	28725
1844	28736
1845	28749
1846	28750
1847	28755
1848	28767
1849	28801
1850	28808
1851	28831
1852	28862
1853	28864
1854	28867
1855	28907
1856	28913
1857	28924
1858	28926
1859	28947
1860	28959
1861	28983
1862	29010
1863	29017
1864	29020
1865	29031
1866	29032
1867	29040
1868	29043
1869	29081
1870	29082
1871	29089
1872	29096
1873	29144
1874	29182
1875	29186
1876	29187
1877	29189
1878	29195
1879	29202
1880	29207
1881	29233
1882	29235
1883	29258
1884	29289
1885	29291
1886	29307
1887	29339
1888	29356
1889	29362
1890	29401
1891	29420
1892	29424
1893	29452
1894	29459
1895	29464
1896	29467
1897	29596
1898	29623
1899	29639
1900	29646
1901	29660
1902	29675
1903	29678
1904	29719
1905	29724
1906	29726
1907	29742
1908	29749
1909	29767
1910	29780
1911	29820
1912	29829
1913	29829
1914	29837
1915	29838
1916	29852
1917	29871
1918	29885
1919	29902
1920	29903
1921	29918
1922	29934
1923	29953
1924	29955
1925	29962
1926	29976
1927	30001
1928	30013
1929	30032
1930	30044
1931	30057
1932	30057
1933	30061
1934	30081
1935	30098
1936	30107
1937	30160
1938	30162
1939	30169
1940	30183
1941	30185
1942	30194
1943	30225
1944	30237
1945	30252
1946	30269
1947	30294
1948	30301
1949	30307
1950	30342
1951	30366
1952	30378
1953	30391
1954	30423
1955	30427
1956	30436
1957	30476
1958	30505
1959	30534
1960	30536
1961	30553
1962	30575
1963	30602
1964	30631
1965	30649
1966	30650
1967	30653
1968	30692
1969	30696
1970	30698
1971	30713
1972	30714
1973	30719
1974	30736
1975	30745
1976	30748
1977	30789
1978	30790
1979	30801
1980	30813
1981	30846
1982	30867
1983	30893
1984	30901
1985	30901
1986	30902
1987	30925
1988	30927
1989	30939
1990	30941
1991	30943
1992	30950
1993	30967
1994	30978
1995	30991
1996	31010
1997	31033
1998	31034
1999	31046
2000	31052
2001	31062
2002	31086
2003	31111
2004	31121
2005	31130
2006	31134
2007	31150
2008	31150
2009	31168
2010	31176
2011	31176
2012	31186
2013	31230
2014	31277
2015	31281
2016	31370
2017	31381
2018	31386
2019	31404
2020	31467
2021	31470
2022	31474
2023	31499
2024	31505
2025	31547
2026	31549
2027	31550
2028	31565
2029	31602
2030	31645
2031	31680
2032	31683
2033	31702
2034	31713
2035	31769
2036	31785
2037	31786
2038	31793
2039	31815
2040	31834
2041	31839
2042	31849
2043	31852
2044	31856
2045	31861
2046	31877
2047	31882
2048	31887
2049	31887
2050	31917
2051	31943
2052	31956
2053	31958
2054	31976
2055	31977
2056	31999
2057	32004
2058	32006
2059	32009
2060	32035
2061	32065
2062	32088
2063	32089
2064	32095
2065	32100
2066	32139
2067	32151
2068	32161
2069	32163
2070	32190
2071	32215
2072	32219
2073	32280
2074	32285
2075	32286
2076	32301
2077	32324
2078	32325
2079	32328
2080	32411
2081	32421
2082	32423
2083	32432
2084	32433
2085	32459
2086	32463
2087	32475
2088	32481
2089	32512
2090	32521
2091	32534
2092	32555
2093	32559
2094	32584
2095	32597
2096	32628
2097	32635
2098	32650
2099	32658
2100	32669
2101	32678
2102	32683
2103	32709
2104	32710
2105	32713
2106	32722
2107	32747
2108	32747
2109	32754
2110	32761
2111	32761
2112	32762
2113	32773
2114	32795
2115	32833
2116	32834
2117	32835
2118	32837
2119	32865
2120	32881
2121	32888
2122	32920
2123	32927
2124	32953
2125	32958
2126	32983
2127	33005
2128	33008
2129	33018
2130	33029
2131	33044
2132	33084
2133	33092
2134	33101
2135	33104
2136	33127
2137	33128
2138	33150
2139	33168
2140	33181
2141	33187
2142	33198
2143	33203
2144	33227
2145	33299
2146	33300
2147	33326
2148	33341
2149	33344
2150	33348
2151	33386
2152	33397
2153	33397
2154	33399
2155	33426
2156	33450
2157	33453
2158	33481
2159	33502
2160	33503
2161	33512
2162	33545
2163	33550
2164	33552
2165	33553
2166	33556
2167	33558
2168	33577
2169	33600
2170	33600
2171	33609
2172	33614
2173	33625
2174	33626
2175	33646
2176	33648
2177	33668
2178	33669
2179	33670
2180	33676
2181	33694
2182	33712
2183	33756
2184	33763
2185	33790
2186	33791
2187	33796
2188	33803
2189	33814
2190	33822
2191	33847
2192	33848
2193	33863
2194	33879
2195	33894
2196	33947
2197	33952
2198	33957
2199	33997
2200	34023
2201	34039
2202	34086
2203	34093
2204	34108
2205	34116
2206	34151
2207	34159
2208	34162
2209	34175
2210	34211
2211	34219
2212	34219
2213	34233
2214	34234
2215	34263
2216	34285
2217	34321
2218	34333
2219	34333
2220	34373
2221	34375
2222	34376
2223	34381
2224	34385
2225	34415
2226	34423
2227	34436
2228	34443
2229	34451
2230	34467
2231	34470
2232	34472
2233	34500
2234	34510
2235	34511
2236	34547
2237	34559
2238	34606
2239	34617
2240	34621
2241	34637
2242	34701
2243	34704
2244	34724
2245	34729
2246	34763
2247	34771
2248	34775
2249	34803
2250	34845
2251	34867
2252	34875
2253	34884
2254	34900
2255	34950
2256	35002
2257	35020
2258	35031
2259	35031
2260	35035
2261	35050
2262	35055
2263	35056
2264	35080
2265	35102
2266	35114
2267	35124
2268	35126
2269	35127
2270	35165
2271	35174
2272	35176
2273	35240
2274	35297
2275	35306
2276	35319
2277	35324
2278	35355
2279	35365
2280	35377
2281	35401
2282	35420
2283	35436
2284	35450
2285	35453
2286	35455
2287	35512
2288	35528
2289	35530
2290	35540
2291	35568
2292	35575
2293	35575
2294	35593
2295	35607
2296	35625
2297	35640
2298	35645
2299	35661
2300	35662
2301	35691
2302	35699
2303	35700
2304	35701
2305	35704
2306	35733
2307	35742
2308	35754
2309	35766
2310	35790
2311	35817
2312	35842
2313	35850
2314	35853
2315	35854
2316	35892
2317	36015
2318	36019
2319	36041
2320	36082
2321	36102
2322	36112
2323	36158
2324	36187
2325	36194
2326	36196
2327	36241
2328	36259
2329	36285
2330	36290
2331	36290
2332	36295
2333	36299
2334	36304
2335	36324
2336	36333
2337	36340
2338	36361
2339	36368
2340	36368
2341	36401
2342	36418
2343	36441
2344	36472
2345	36478
2346	36480
2347	36480
2348	36512
2349	36514
2350	36532
2351	36576
2352	36583
2353	36597
2354	36611
2355	36619
2356	36637
2357	36638
2358	36640
2359	36658
2360	36691
2361	36697
2362	36717
2363	36719
2364	36750
2365	36755
2366	36761
2367	36762
2368	36783
2369	36786
2370	36811
2371	36811
2372	36827
2373	36850
2374	36860
2375	36877
2376	36931
2377	36945
2378	36958
2379	36966
2380	37013
2381	37020
2382	37054
2383	37057
2384	37084
2385	37098
2386	37114
2387	37129
2388	37139
2389	37190
2390	37245
2391	37251
2392	37306
2393	37316
2394	37321
2395	37324
2396	37335
2397	37344
2398	37378
2399	37386
2400	37387
2401	37439
2402	37519
2403	37542
2404	37544
2405	37563
2406	37571
2407	37576
2408	37582
2409	37587
2410	37594
2411	37606
2412	37627
2413	37640
2414	37659
2415	37661
2416	37678
2417	37699
2418	37715
2419	37726
2420	37773
2421	37778
2422	37784
2423	37785
2424	37821
2425	37830
2426	37836
2427	37876
2428	37928
2429	37931
2430	37956
2431	37957
2432	37999
2433	38002
2434	38006
2435	38009
2436	38056
2437	38059
2438	38059
2439	38069
2440	38085
2441	38085
2442	38128
2443	38138
2444	38150
2445	38161
2446	38165
2447	38186
2448	38213
2449	38231
2450	38280
2451	38308
2452	38327
2453	38332
2454	38351
2455	38357
2456	38373
2457	38373
2458	38387
2459	38394
2460	38396
2461	38397
2462	38454
2463	38471
2464	38497
2465	38517
2466	38576
2467	38579
2468	38584
2469	38594
2470	38611
2471	38613
2472	38629
2473	38671
2474	38675
2475	38692
2476	38697
2477	38716
2478	38723
2479	38732
2480	38740
2481	38754
2482	38758
2483	38767
2484	38779
2485	38783
2486	38784
2487	38787
2488	38857
2489	38870
2490	38871
2491	38912
2492	38975
2493	38976
2494	38999
2495	39013
2496	39046
2497	39072
2498	39090
2499	39126
2500	39135
2501	39140
2502	39163
2503	39191
2504	39211
2505	39211
2506	39220
2507	39221
2508	39271
2509	39300
2510	39306
2511	39311
2512	39316
2513	39329
2514	39384
2515	39396
2516	39405
2517	39426
2518	39432
2519	39434
2520	39457
2521	39479
2522	39486
2523	39499
2524	39508
2525	39509
2526	39543
2527	39552
2528	39558
2529	39575
2530	39607
2531	39622
2532	39632
2533	39649
2534	39650
2535	39660
2536	39664
2537	39682
2538	39688
2539	39723
2540	39728
2541	39755
2542	39758
2543	39762
2544	39775
2545	39778
2546	39783
2547	39797
2548	39811
2549	39835
2550	39838
2551	39846
2552	39848
2553	39871
2554	39873
2555	39874
2556	39897
2557	39930
2558	39934
2559	39961
2560	39971
2561	39972
2562	39983
2563	39985
2564	40001
2565	40003
2566	40031
2567	40051
2568	40084
2569	40086
2570	40098
2571	40101
2572	40106
2573	40115
2574	40117
2575	40143
2576	40167
2577	40172
2578	40212
2579	40238
2580	40242
2581	40252
2582	40269
2583	40292
2584	40336
2585	40380
2586	40381
2587	40385
2588	40402
2589	40408
2590	40409
2591	40422
2592	40458
2593	40474
2594	40476
2595	40503
2596	40546
2597	40563
2598	40572
2599	40583
2600	40587
2601	40600
2602	40623
2603	40641
2604	40642
2605	40647
2606	40651
2607	40671
2608	40680
2609	40694
2610	40699
2611	40701
2612	40721
2613	40729
2614	40746
2615	40787
2616	40791
2617	40794
2618	40817
2619	40829
2620	40843
2621	40866
2622	40887
2623	40895
2624	40908
2625	40913
2626	40914
2627	40931
2628	40955
2629	41002
2630	41005
2631	41025
2632	41039
2633	41046
2634	41048
2635	41100
2636	41172
2637	41191
2638	41191
2639	41192
2640	41193
2641	41207
2642	41211
2643	41236
2644	41257
2645	41276
2646	41311
2647	41339
2648	41384
2649	41401
2650	41409
2651	41421
2652	41426
2653	41432
2654	41440
2655	41492
2656	41502
2657	41512
2658	41513
2659	41518
2660	41529
2661	41532
2662	41561
2663	41564
2664	41577
2665	41578
2666	41588
2667	41651
2668	41717
2669	41746
2670	41756
2671	41770
2672	41787
2673	41805
2674	41836
2675	41849
2676	41850
2677	41854
2678	41864
2679	41879
2680	41881
2681	41906
2682	41913
2683	41929
2684	41947
2685	41986
2686	41989
2687	42002
2688	42014
2689	42022
2690	42029
2691	42029
2692	42032
2693	42032
2694	42048
2695	42083
2696	42098
2697	42143
2698	42149
2699	42154
2700	42168
2701	42170
2702	42177
2703	42179
2704	42188
2705	42228
2706	42231
2707	42235
2708	42238
2709	42250
2710	42284
2711	42293
2712	42334
2713	42349
2714	42349
2715	42363
2716	42377
2717	42378
2718	42381
2719	42393
2720	42394
2721	42395
2722	42443
2723	42455
2724	42475
2725	42515
2726	42527
2727	42546
2728	42549
2729	42564
2730	42574
2731	42575
2732	42615
2733	42619
2734	42627
2735	42659
2736	42709
2737	42721
2738	42745
2739	42748
2740	42764
2741	42815
2742	42858
2743	42910
2744	42919
2745	42921
2746	42934
2747	42945
2748	42960
2749	42990
2750	42996
2751	43014
2752	43017
2753	43022
2754	43053
2755	43079
2756	43095
2757	43123
2758	43185
2759	43191
2760	43192
2761	43202
2762	43202
2763	43234
2764	43273
2765	43280
2766	43332
2767	43352
2768	43381
2769	43389
2770	43394
2771	43397
2772	43421
2773	43421
2774	43431
2775	43441
2776	43495
2777	43537
2778	43578
2779	43597
2780	43610
2781	43613
2782	43632
2783	43650
2784	43657
2785	43660
2786	43689
2787	43727
2788	43771
2789	43881
2790	43903
2791	43916
2792	43948
2793	43982
2794	43984
2795	43994
2796	44002
2797	44019
2798	44046
2799	44065
2800	44109
2801	44110
2802	44117
2803	44122
2804	44134
2805	44139
2806	44142
2807	44154
2808	44194
2809	44198
2810	44223
2811	44248
2812	44303
2813	44312
2814	44346
2815	44357
2816	44388
2817	44393
2818	44405
2819	44468
2820	44505
2821	44514
2822	44522
2823	44541
2824	44570
2825	44582
2826	44610
2827	44611
2828	44622
2829	44627
2830	44643
2831	44684
2832	44686
2833	44713
2834	44735
2835	44748
2836	44760
2837	44808
2838	44816
2839	44834
2840	44871
2841	44879
2842	44884
2843	44891
2844	44906
2845	44913
2846	44916
2847	44920
2848	44929
2849	44934
2850	44940
2851	44949
2852	44973
2853	45020
2854	45047
2855	45056
2856	45074
2857	45084
2858	45132
2859	45175
2860	45177
2861	45186
2862	45200
2863	45218
2864	45258
2865	45275
2866	45311
2867	45326
2868	45370
2869	45371
2870	45379
2871	45383
2872	45393
2873	45401
2874	45403
2875	45413
2876	45430
2877	45446
2878	45446
2879	45456
2880	45509
2881	45531
2882	45571
2883	45590
2884	45605
2885	45614
2886	45658
2887	45674
2888	45686
2889	45687
2890	45728
2891	45736
2892	45737
2893	45759
2894	45773
2895	45801
2896	45826
2897	45838
2898	45872
2899	45893
2900	45900
2901	45906
2902	45920
2903	45933
2904	45957
2905	45983
2906	45987
2907	46038
2908	46088
2909	46101
2910	46113
2911	46117
2912	46125
2913	46134
2914	46153
2915	46168
2916	46192
2917	46199
2918	46206
2919	46215
2920	46217
2921	46225
2922	46286
2923	46307
2924	46307
2925	46312
2926	46354
2927	46405
2928	46416
2929	46473
2930	46497
2931	46580
2932	46590
2933	46613
2934	46621
2935	46646
2936	46652
2937	46652
2938	46678
2939	46708
2940	46710
2941	46728
2942	46729
2943	46735
2944	46738
2945	46767
2946	46767
2947	46811
2948	46817
2949	46831
2950	46839
2951	46855
2952	46867
2953	46869
2954	46883
2955	46921
2956	46932
2957	46957
2958	47014
2959	47017
2960	47024
2961	47035
2962	47036
2963	47037
2964	47038
2965	47042
2966	47051
2967	47052
2968	47060
2969	47112
2970	47116
2971	47131
2972	47145
2973	47149
2974	47162
2975	47235
2976	47237
2977	47271
2978	47290
2979	47329
2980	47344
2981	47347
2982	47378
2983	47412
2984	47416
2985	47457
2986	47458
2987	47461
2988	47479
2989	47482
2990	47498
2991	47504
2992	47584
2993	47599
2994	47610
2995	47613
2996	47643
2997	47670
2998	47684
2999	47733
3000	47746
3001	47754
3002	47768
3003	47777
3004	47777
3005	47793
3006	47834
3007	47860
3008	47863
3009	47865
3010	47873
3011	47876
3012	47879
3013	47935
3014	47978
3015	48018
3016	48035
3017	48038
3018	48045
3019	48055
3020	48057
3021	48098
3022	48107
3023	48119
3024	48126
3025	48132
3026	48139
3027	48143
3028	48148
3029	48150
3030	48163
3031	48166
3032	48196
3033	48211
3034	48256
3035	48269
3036	48275
3037	48276
3038	48276
3039	48283
3040	48300
3041	48369
3042	48379
3043	48381
3044	48392
3045	48407
3046	48408
3047	48433
3048	48463
3049	48464
3050	48481
3051	48484
3052	48492
3053	48509
3054	48512
3055	48534
3056	48535
3057	48545
3058	48561
3059	48567
3060	48607
3061	48616
3062	48663
3063	48683
3064	48698
3065	48711
3066	48727
3067	48735
3068	48740
3069	48758
3070	48779
3071	48793
3072	48821
3073	48826
3074	48831
3075	48843
3076	48850
3077	48854
3078	48862
3079	48888
3080	48891
3081	48981
3082	48982
3083	49007
3084	49033
3085	49034
3086	49037
3087	49045
3088	49105
3089	49116
3090	49128
3091	49138
3092	49148
3093	49167
3094	49171
3095	49204
3096	49210
3097	49212
3098	49214
3099	49244
3100	49247
3101	49254
3102	49257
3103	49271
3104	49288
3105	49333
3106	49352
3107	49361
3108	49398
3109	49418
3110	49427
3111	49429
3112	49434
3113	49440
3114	49440
3115	49455
3116	49476
3117	49478
3118	49496
3119	49500
3120	49501
3121	49544
3122	49557
3123	49563
3124	49563
3125	49626
3126	49644
3127	49649
3128	49650
3129	49662
3130	49668
3131	49672
3132	49681
3133	49711
3134	49712
3135	49714
3136	49722
3137	49746
3138	49763
3139	49782
3140	49798
3141	49798
3142	49799
3143	49820
3144	49851
3145	49858
3146	49872
3147	49873
3148	49946
3149	49948
3150	49963
3151	49978
3152	49978
3153	49979
3154	50002
3155	50010
3156	50026
3157	50044
3158	50114
3159	50124
3160	50127
3161	50148
3162	50152
3163	50168
3164	50195
3165	50200
3166	50210
3167	50248
3168	50258
3169	50271
3170	50280
3171	50292
3172	50338
3173	50345
3174	50372
3175	50374
3176	50392
3177	50410
3178	50448
3179	50456
3180	50476
3181	50480
3182	50505
3183	50511
3184	50516
3185	50524
3186	50526
3187	50535
3188	50575
3189	50581
3190	50588
3191	50595
3192	50608
3193	50611
3194	50613
3195	50624
3196	50649
3197	50678
3198	50688
3199	50691
3200	50699
3201	50707
3202	50714
3203	50743
3204	50792
3205	50793
3206	50847
3207	50907
3208	50929
3209	50938
3210	50947
3211	50977
3212	50990
3213	51000
3214	51009
3215	51046
3216	51071
3217	51083
3218	51089
3219	51104
3220	51110
3221	51151
3222	51155
3223	51155
3224	51160
3225	51171
3226	51171
3227	51173
3228	51205
3229	51214
3230	51232
3231	51236
3232	51253
3233	51261
3234	51264
3235	51272
3236	51281
3237	51292
3238	51306
3239	51309
3240	51322
3241	51326
3242	51330
3243	51333
3244	51336
3245	51345
3246	51379
3247	51390
3248	51402
3249	51406
3250	51413
3251	51486
3252	51489
3253	51506
3254	51510
3255	51533
3256	51544
3257	51570
3258	51572
3259	51581
3260	51639
3261	51702
3262	51718
3263	51729
3264	51732
3265	51744
3266	51751
3267	51777
3268	51838
3269	51849
3270	51863
3271	51889
3272	51907
3273	51908
3274	51930
3275	51950
3276	51961
3277	51961
3278	51988
3279	51998
3280	52006
3281	52006
3282	52014
3283	52015
3284	52039
3285	52046
3286	52052
3287	52092
3288	52097
3289	52099
3290	52108
3291	52131
3292	52139
3293	52145
3294	52175
3295	52191
3296	52207
3297	52290
3298	52291
3299	52310
3300	52326
3301	52355
3302	52362
3303	52371
3304	52372
3305	52377
3306	52390
3307	52425
3308	52470
3309	52502
3310	52514
3311	52515
3312	52523
3313	52536
3314	52581
3315	52596
3316	52607
3317	52618
3318	52634
3319	52681
3320	52690
3321	52694
3322	52703
3323	52706
3324	52716
3325	52747
3326	52750
3327	52762
3328	52765
3329	52765
3330	52781
3331	52830
3332	52844
3333	52911
3334	52913
3335	52918
3336	52923
3337	52954
3338	52968
3339	52982
3340	52984
3341	52998
3342	53019
3343	53022
3344	53027
3345	53039
3346	53073
3347	53081
3348	53082
3349	53093
3350	53148
3351	53163
3352	53169
3353	53218
3354	53252
3355	53263
3356	53274
3357	53276
3358	53276
3359	53277
3360	53290
3361	53294
3362	53297
3363	53305
3364	53319
3365	53359
3366	53382
3367	53392
3368	53395
3369	53406
3370	53410
3371	53432
3372	53458
3373	53462
3374	53466
3375	53474
3376	53490
3377	53504
3378	53504
3379	53520
3380	53520
3381	53524
3382	53536
3383	53538
3384	53540
3385	53542
3386	53550
3387	53553
3388	53587
3389	53587
3390	53606
3391	53611
3392	53612
3393	53654
3394	53668
3395	53683
3396	53696
3397	53705
3398	53724
3399	53738
3400	53740
3401	53740
3402	53743
3403	53766
3404	53805
3405	53831
3406	53870
3407	53882
3408	53896
3409	53928
3410	53934
3411	53950
3412	53979
3413	54040
3414	54073
3415	54077
3416	54084
3417	54104
3418	54154
3419	54178
3420	54185
3421	54193
3422	54199
3423	54263
3424	54266
3425	54267
3426	54271
3427	54279
3428	54281
3429	54312
3430	54346
3431	54368
3432	54376
3433	54397
3434	54449
3435	54449
3436	54458
3437	54463
3438	54485
3439	54540
3440	54566
3441	54571
3442	54579
3443	54613
3444	54631
3445	54654
3446	54661
3447	54663
3448	54664
3449	54679
3450	54681
3451	54696
3452	54707
3453	54724
3454	54725
3455	54756
3456	54760
3457	54767
3458	54806
3459	54806
3460	54835
3461	54839
3462	54851
3463	54857
3464	54872
3465	54880
3466	54884
3467	54893
3468	54906
3469	54910
3470	54930
3471	54931
3472	54963
3473	54967
3474	54984
3475	55019
3476	55020
3477	55049
3478	55069
3479	55073
3480	55085
3481	55093
3482	55105
3483	55110
3484	55113
3485	55156
3486	55164
3487	55168
3488	55175
3489	55182
3490	55195
3491	55217
3492	55222
3493	55231
3494	55233
3495	55288
3496	55289
3497	55299
3498	55308
3499	55323
3500	55354
3501	55356
3502	55357
3503	55358
3504	55389
3505	55406
3506	55414
3507	55438
3508	55478
3509	55488
3510	55496
3511	55510
3512	55518
3513	55559
3514	55572
3515	55573
3516	55588
3517	55609
3518	55612
3519	55625
3520	55650
3521	55663
3522	55682
3523	55684
3524	55710
3525	55716
3526	55719
3527	55739
3528	55744
3529	55747
3530	55760
3531	55794
3532	55795
3533	55801
3534	55813
3535	55814
3536	55849
3537	55856
3538	55859
3539	55859
3540	55871
3541	55871
3542	55897
3543	55909
3544	55945
3545	55962
3546	55967
3547	55988
3548	56020
3549	56038
3550	56042
3551	56092
3552	56110
3553	56134
3554	56138
3555	56139
3556	56146
3557	56171
3558	56174
3559	56188
3560	56196
3561	56211
3562	56236
3563	56255
3564	56259
3565	56282
3566	56295
3567	56299
3568	56312
3569	56320
3570	56335
3571	56341
3572	56356
3573	56369
3574	56385
3575	56388
3576	56422
3577	56427
3578	56444
3579	56471
3580	56491
3581	56491
3582	56495
3583	56515
3584	56516
3585	56524
3586	56526
3587	56536
3588	56563
3589	56574
3590	56576
3591	56579
3592	56590
3593	56615
3594	56619
3595	56652
3596	56729
3597	56749
3598	56806
3599	56818
3600	56869
3601	56888
3602	56890
3603	56894
3604	56901
3605	56917
3606	56917
3607	56922
3608	56930
3609	56939
3610	56973
3611	56981
3612	56994
3613	57000
3614	57022
3615	57031
3616	57127
3617	57145
3618	57153
3619	57186
3620	57200
3621	57204
3622	57228
3623	57249
3624	57255
3625	57269
3626	57313
3627	57323
3628	57335
3629	57352
3630	57353
3631	57381
3632	57398
3633	57399
3634	57403
3635	57406
3636	57439
3637	57440
3638	57447
3639	57472
3640	57489
3641	57504
3642	57521
3643	57545
3644	57569
3645	57615
3646	57655
3647	57673
3648	57679
3649	57735
3650	57736
3651	57748
3652	57780
3653	57785
3654	57786
3655	57793
3656	57803
3657	57813
3658	57816
3659	57819
3660	57843
3661	57862
3662	57873
3663	57888
3664	57897
3665	57898
3666	57898
3667	57909
3668	57930
3669	57934
3670	57958
3671	57972
3672	57982
3673	57990
3674	57991
3675	58028
3676	58036
3677	58061
3678	58067
3679	58081
3680	58091
3681	58125
3682	58156
3683	58168
3684	58211
3685	58220
3686	58251
3687	58270
3688	58300
3689	58319
3690	58329
3691	58334
3692	58363
3693	58367
3694	58370
3695	58381
3696	58392
3697	58393
3698	58442
3699	58449
3700	58458
3701	58461
3702	58462
3703	58472
3704	58476
3705	58492
3706	58498
3707	58519
3708	58535
3709	58540
3710	58547
3711	58611
3712	58650
3713	58656
3714	58659
3715	58680
3716	58696
3717	58703
3718	58717
3719	58729
3720	58737
3721	58747
3722	58764
3723	58794
3724	58814
3725	58853
3726	58867
3727	58893
3728	58894
3729	58907
3730	58929
3731	58939
3732	58940
3733	58950
3734	58957
3735	59010
3736	59061
3737	59063
3738	59110
3739	59126
3740	59171
3741	59195
3742	59212
3743	59229
3744	59236
3745	59253
3746	59255
3747	59268
3748	59271
3749	59297
3750	59301
3751	59313
3752	59317
3753	59346
3754	59380
3755	59385
3756	59395
3757	59410
3758	59436
3759	59442
3760	59448
3761	59485
3762	59507
3763	59508
3764	59510
3765	59545
3766	59558
3767	59560
3768	59569
3769	59579
3770	59595
3771	59603
3772	59620
3773	59662
3774	59703
3775	59703
3776	59743
3777	59744
3778	59756
3779	59760
3780	59761
3781	59792
3782	59827
3783	59856
3784	59858
3785	59862
3786	59865
3787	59867
3788	59868
3789	59898
3790	59912
3791	59919
3792	59935
3793	59956
3794	59980
3795	59983
3796	59989
3797	60009
3798	60022
3799	60027
3800	60034
3801	60049
3802	60072
3803	60083
3804	60085
3805	60109
3806	60126
3807	60129
3808	60145
3809	60180
3810	60184
3811	60203
3812	60209
3813	60227
3814	60240
3815	60274
3816	60276
3817	60279
3818	60283
3819	60286
3820	60313
3821	60428
3822	60478
3823	60493
3824	60545
3825	60546
3826	60570
3827	60576
3828	60577
3829	60591
3830	60660
3831	60667
3832	60682
3833	60682
3834	60728
3835	60737
3836	60738
3837	60746
3838	60754
3839	60797
3840	60811
3841	60818
3842	60841
3843	60876
3844	60882
3845	60892
3846	60907
3847	60924
3848	60929
3849	60930
3850	60964
3851	60979
3852	61000
3853	61002
3854	61065
3855	61072
3856	61094
3857	61099
3858	61100
3859	61103
3860	61111
3861	61117
3862	61121
3863	61166
3864	61168
3865	61194
3866	61200
3867	61202
3868	61203
3869	61226
3870	61228
3871	61252
3872	61272
3873	61277
3874	61283
3875	61317
3876	61329
3877	61348
3878	61365
3879	61366
3880	61378
3881	61391
3882	61428
3883	61446
3884	61471
3885	61518
3886	61520
3887	61522
3888	61537
3889	61539
3890	61550
3891	61556
3892	61559
3893	61568
3894	61586
3895	61603
3896	61616
3897	61648
3898	61660
3899	61662
3900	61670
3901	61674
3902	61686
3903	61699
3904	61715
3905	61750
3906	61753
3907	61755
3908	61758
3909	61822
3910	61838
3911	61879
3912	61880
3913	61890
3914	61893
3915	61902
3916	61936
3917	61940
3918	61944
3919	61946
3920	61965
3921	61981
3922	61987
3923	61988
3924	62006
3925	62013
3926	62027
3927	62055
3928	62063
3929	62070
3930	62071
3931	62076
3932	62135
3933	62188
3934	62267
3935	62287
3936	62296
3937	62299
3938	62309
3939	62354
3940	62418
3941	62438
3942	62442
3943	62462
3944	62468
3945	62476
3946	62486
3947	62506
3948	62510
3949	62515
3950	62516
3951	62552
3952	62578
3953	62587
3954	62597
3955	62616
3956	62624
3957	62640
3958	62663
3959	62673
3960	62674
3961	62678
3962	62699
3963	62732
3964	62733
3965	62738
3966	62747
3967	62749
3968	62751
3969	62756
3970	62779
3971	62789
3972	62796
3973	62800
3974	62819
3975	62842
3976	62847
3977	62866
3978	62868
3979	62868
3980	62886
3981	62897
3982	62922
3983	62935
3984	62955
3985	62979
3986	62997
3987	63021
3988	63034
3989	63034
3990	63078
3991	63082
3992	63148
3993	63155
3994	63178
3995	63200
3996	63246
3997	63264
3998	63313
3999	63333
4000	63354
4001	63387
4002	63417
4003	63428
4004	63443
4005	63491
4006	63495
4007	63515
4008	63584
4009	63593
4010	63594
4011	63622
4012	63650
4013	63662
4014	63665
4015	63665
4016	63674
4017	63678
4018	63679
4019	63699
4020	63721
4021	63728
4022	63755
4023	63776
4024	63805
4025	63857
4026	63861
4027	63863
4028	63867
4029	63880
4030	63935
4031	63948
4032	63950
4033	63954
4034	64000
4035	64020
4036	64031
4037	64053
4038	64066
4039	64104
4040	64107
4041	64122
4042	64130
4043	64141
4044	64150
4045	64179
4046	64203
4047	64218
4048	64238
4049	64265
4050	64305
4051	64305
4052	64317
4053	64342
4054	64343
4055	64356
4056	64375
4057	64391
4058	64413
4059	64423
4060	64436
4061	64473
4062	64477
4063	64508
4064	64530
4065	64619
4066	64627
4067	64639
4068	64640
4069	64642
4070	64646
4071	64671
4072	64677
4073	64692
4074	64696
4075	64703
4076	64731
4077	64749
4078	64764
4079	64816
4080	64820
4081	64826
4082	64831
4083	64845
4084	64848
4085	64854
4086	64859
4087	64866
4088	64872
4089	64879
4090	64880
4091	64884
4092	64884
4093	64900
4094	64921
4095	64949
4096	64964
4097	64975
4098	65021
4099	65026
4100	65028
4101	65053
4102	65055
4103	65079
4104	65093
4105	65103
4106	65107
4107	65126
4108	65143
4109	65145
4110	65159
4111	65171
4112	65181
4113	65207
4114	65221
4115	65222
4116	65252
4117	65254
4118	65261
4119	65281
4120	65293
4121	65305
4122	65315
4123	65315
4124	65322
4125	65323
4126	65324
4127	65344
4128	65363
4129	65402
4130	65414
4131	65430
4132	65493
4133	65517
4134	65519
4135	65529
4136	65566
4137	65569
4138	65570
4139	65577
4140	65607
4141	65624
4142	65669
4143	65673
4144	65678
4145	65685
4146	65687
4147	65700
4148	65737
4149	65766
4150	65770
4151	65774
4152	65774
4153	65785
4154	65791
4155	65802
4156	65811
4157	65821
4158	65850
4159	65853
4160	65853
4161	65870
4162	65911
4163	65911
4164	65919
4165	65981
4166	65986
4167	66001
4168	66004
4169	66015
4170	66068
4171	66068
4172	66092
4173	66148
4174	66154
4175	66155
4176	66172
4177	66178
4178	66178
4179	66180
4180	66186
4181	66199
4182	66206
4183	66214
4184	66219
4185	66221
4186	66224
4187	66237
4188	66246
4189	66251
4190	66276
4191	66292
4192	66297
4193	66300
4194	66342
4195	66357
4196	66386
4197	66386
4198	66390
4199	66397
4200	66420
4201	66428
4202	66430
4203	66431
4204	66435
4205	66483
4206	66501
4207	66510
4208	66531
4209	66544
4210	66583
4211	66599
4212	66616
4213	66635
4214	66645
4215	66669
4216	66677
4217	66726
4218	66774
4219	66787
4220	66788
4221	66794
4222	66796
4223	66815
4224	66859
4225	66869
4226	66881
4227	66894
4228	66910
4229	66915
4230	66947
4231	66952
4232	66971
4233	66972
4234	66980
4235	66996
4236	66998
4237	66999
4238	67036
4239	67067
4240	67103
4241	67126
4242	67162
4243	67182
4244	67184
4245	67208
4246	67220
4247	67228
4248	67229
4249	67273
4250	67275
4251	67277
4252	67292
4253	67294
4254	67311
4255	67365
4256	67398
4257	67400
4258	67404
4259	67449
4260	67487
4261	67507
4262	67517
4263	67548
4264	67548
4265	67568
4266	67601
4267	67618
4268	67622
4269	67640
4270	67675
4271	67680
4272	67689
4273	67698
4274	67705
4275	67708
4276	67725
4277	67749
4278	67758
4279	67773
4280	67813
4281	67813
4282	67825
4283	67856
4284	67879
4285	67879
4286	67886
4287	67900
4288	67902
4289	67932
4290	67932
4291	67946
4292	67952
4293	67961
4294	67963
4295	67971
4296	67983
4297	68001
4298	68001
4299	68002
4300	68003
4301	68057
4302	68064
4303	68130
4304	68150
4305	68152
4306	68154
4307	68162
4308	68178
4309	68186
4310	68205
4311	68205
4312	68242
4313	68290
4314	68305
4315	68311
4316	68332
4317	68338
4318	68340
4319	68365
4320	68380
4321	68398
4322	68399
4323	68431
4324	68450
4325	68455
4326	68513
4327	68517
4328	68529
4329	68541
4330	68548
4331	68575
4332	68619
4333	68624
4334	68665
4335	68672
4336	68711
4337	68716
4338	68731
4339	68732
4340	68735
4341	68761
4342	68806
4343	68812
4344	68816
4345	68819
4346	68830
4347	68831
4348	68837
4349	68856
4350	68870
4351	68882
4352	68903
4353	68929
4354	68989
4355	69019
4356	69029
4357	69031
4358	69040
4359	69082
4360	69087
4361	69095
4362	69106
4363	69140
4364	69145
4365	69152
4366	69153
4367	69154
4368	69183
4369	69207
4370	69228
4371	69242
4372	69247
4373	69268
4374	69270
4375	69277
4376	69316
4377	69318
4378	69320
4379	69323
4380	69325
4381	69428
4382	69431
4383	69433
4384	69438
4385	69459
4386	69462
4387	69483
4388	69489
4389	69504
4390	69507
4391	69511
4392	69512
4393	69518
4394	69528
4395	69531
4396	69532
4397	69537
4398	69558
4399	69565
4400	69571
4401	69575
4402	69578
4403	69596
4404	69691
4405	69699
4406	69704
4407	69714
4408	69720
4409	69723
4410	69746
4411	69750
4412	69760
4413	69762
4414	69765
4415	69786
4416	69793
4417	69793
4418	69799
4419	69803
4420	69867
4421	69885
4422	69900
4423	69908
4424	69946
4425	69963
4426	70022
4427	70055
4428	70056
4429	70056
4430	70059
4431	70110
4432	70111
4433	70126
4434	70145
4435	70180
4436	70200
4437	70213
4438	70222
4439	70233
4440	70252
4441	70275
4442	70306
4443	70321
4444	70350
4445	70376
4446	70423
4447	70453
4448	70458
4449	70499
4450	70519
4451	70520
4452	70527
4453	70534
4454	70555
4455	70556
4456	70574
4457	70612
4458	70613
4459	70629
4460	70645
4461	70648
4462	70690
4463	70698
4464	70744
4465	70793
4466	70812
4467	70820
4468	70829
4469	70833
4470	70843
4471	70904
4472	70915
4473	70935
4474	70935
4475	70942
4476	70943
4477	70950
4478	70952
4479	70968
4480	70983
4481	70986
4482	71001
4483	71001
4484	71031
4485	71064
4486	71086
4487	71088
4488	71114
4489	71129
4490	71145
4491	71157
4492	71172
4493	71179
4494	71180
4495	71208
4496	71212
4497	71215
4498	71228
4499	71242
4500	71276
4501	71292
4502	71294
4503	71304
4504	71321
4505	71324
4506	71344
4507	71380
4508	71393
4509	71398
4510	71405
4511	71419
4512	71420
4513	71423
4514	71428
4515	71437
4516	71453
4517	71476
4518	71496
4519	71505
4520	71518
4521	71521
4522	71545
4523	71566
4524	71567
4525	71571
4526	71572
4527	71591
4528	71595
4529	71607
4530	71624
4531	71636
4532	71650
4533	71653
4534	71656
4535	71667
4536	71670
4537	71687
4538	71699
4539	71718
4540	71723
4541	71729
4542	71754
4543	71761
4544	71774
4545	71796
4546	71804
4547	71817
4548	71824
4549	71827
4550	71828
4551	71829
4552	71845
4553	71853
4554	71865
4555	71870
4556	71887
4557	71897
4558	71931
4559	71950
4560	71961
4561	71964
4562	71964
4563	71981
4564	71987
4565	71995
4566	72004
4567	72056
4568	72060
4569	72100
4570	72111
4571	72119
4572	72130
4573	72166
4574	72167
4575	72167
4576	72190
4577	72192
4578	72221
4579	72222
4580	72224
4581	72226
4582	72249
4583	72264
4584	72270
4585	72287
4586	72313
4587	72315
4588	72317
4589	72319
4590	72376
4591	72386
4592	72424
4593	72454
4594	72461
4595	72473
4596	72476
4597	72482
4598	72482
4599	72519
4600	72522
4601	72522
4602	72537
4603	72544
4604	72568
4605	72571
4606	72586
4607	72587
4608	72591
4609	72599
4610	72604
4611	72610
4612	72621
4613	72627
4614	72651
4615	72665
4616	72665
4617	72666
4618	72666
4619	72670
4620	72673
4621	72682
4622	72690
4623	72691
4624	72761
4625	72786
4626	72804
4627	72810
4628	72817
4629	72825
4630	72825
4631	72828
4632	72863
4633	72872
4634	72877
4635	72885
4636	72892
4637	72893
4638	72904
4639	72906
4640	72924
4641	72930
4642	72933
4643	72979
4644	72982
4645	72992
4646	73057
4647	73077
4648	73087
4649	73110
4650	73111
4651	73112
4652	73171
4653	73173
4654	73199
4655	73202
4656	73205
4657	73207
4658	73213
4659	73219
4660	73221
4661	73229
4662	73257
4663	73265
4664	73274
4665	73277
4666	73304
4667	73389
4668	73448
4669	73456
4670	73475
4671	73493
4672	73554
4673	73562
4674	73567
4675	73578
4676	73588
4677	73598
4678	73609
4679	73625
4680	73643
4681	73691
4682	73701
4683	73713
4684	73717
4685	73723
4686	73734
4687	73738
4688	73764
4689	73770
4690	73786
4691	73859
4692	73871
4693	73884
4694	73884
4695	73896
4696	73937
4697	73952
4698	74006
4699	74009
4700	74062
4701	74063
4702	74068
4703	74104
4704	74105
4705	74113
4706	74117
4707	74159
4708	74170
4709	74173
4710	74203
4711	74219
4712	74220
4713	74230
4714	74257
4715	74270
4716	74276
4717	74279
4718	74279
4719	74280
4720	74282
4721	74290
4722	74335
4723	74386
4724	74401
4725	74414
4726	74423
4727	74426
4728	74428
4729	74429
4730	74439
4731	74467
4732	74513
4733	74529
4734	74561
4735	74597
4736	74648
4737	74694
4738	74694
4739	74697
4740	74758
4741	74760
4742	74763
4743	74768
4744	74771
4745	74793
4746	74796
4747	74798
4748	74800
4749	74827
4750	74829
4751	74839
4752	74929
4753	74934
4754	74961
4755	74961
4756	74977
4757	74979
4758	75105
4759	75131
4760	75133
4761	75143
4762	75158
4763	75162
4764	75164
4765	75174
4766	75182
4767	75206
4768	75208
4769	75219
4770	75242
4771	75246
4772	75264
4773	75284
4774	75303
4775	75327
4776	75327
4777	75350
4778	75367
4779	75397
4780	75412
4781	75434
4782	75435
4783	75441
4784	75442
4785	75453
4786	75467
4787	75487
4788	75490
4789	75513
4790	75548
4791	75550
4792	75562
4793	75582
4794	75585
4795	75613
4796	75634
4797	75651
4798	75679
4799	75713
4800	75716
4801	75716
4802	75723
4803	75759
4804	75815
4805	75829
4806	75854
4807	75877
4808	75880
4809	75923
4810	75929
4811	75953
4812	75994
4813	76013
4814	76021
4815	76022
4816	76049
4817	76063
4818	76083
4819	76096
4820	76104
4821	76108
4822	76121
4823	76124
4824	76139
4825	76158
4826	76160
4827	76171
4828	76182
4829	76194
4830	76208
4831	76229
4832	76236
4833	76241
4834	76251
4835	76255
4836	76287
4837	76318
4838	76319
4839	76328
4840	76332
4841	76375
4842	76398
4843	76431
4844	76448
4845	76455
4846	76462
4847	76474
4848	76500
4849	76526
4850	76540
4851	76559
4852	76585
4853	76589
4854	76606
4855	76623
4856	76634
4857	76636
4858	76640
4859	76648
4860	76694
4861	76702
4862	76703
4863	76705
4864	76717
4865	76737
4866	76758
4867	76765
4868	76771
4869	76789
4870	76797
4871	76815
4872	76816
4873	76822
4874	76828
4875	76836
4876	76864
4877	76902
4878	76912
4879	76960
4880	76970
4881	76986
4882	77015
4883	77022
4884	77039
4885	77059
4886	77065
4887	77082
4888	77167
4889	77168
4890	77175
4891	77176
4892	77195
4893	77208
4894	77248
4895	77283
4896	77311
4897	77318
4898	77358
4899	77385
4900	77394
4901	77397
4902	77501
4903	77532
4904	77538
4905	77542
4906	77571
4907	77598
4908	77644
4909	77668
4910	77683
4911	77704
4912	77708
4913	77736
4914	77741
4915	77747
4916	77749
4917	77749
4918	77754
4919	77759
4920	77763
4921	77801
4922	77803
4923	77814
4924	77822
4925	77824
4926	77829
4927	77835
4928	77843
4929	77862
4930	77873
4931	77882
4932	77885
4933	77902
4934	77905
4935	77910
4936	77933
4937	77949
4938	77970
4939	77988
4940	78034
4941	78049
4942	78062
4943	78078
4944	78088
4945	78090
4946	78096
4947	78113
4948	78171
4949	78182
4950	78207
4951	78207
4952	78244
4953	78298
4954	78313
4955	78337
4956	78371
4957	78375
4958	78392
4959	78401
4960	78422
4961	78423
4962	78427
4963	78428
4964	78435
4965	78442
4966	78468
4967	78471
4968	78478
4969	78480
4970	78481
4971	78481
4972	78496
4973	78510
4974	78515
4975	78531
4976	78535
4977	78545
4978	78547
4979	78575
4980	78599
4981	78600
4982	78622
4983	78623
4984	78646
4985	78655
4986	78659
4987	78665
4988	78669
4989	78680
4990	78718
4991	78751
4992	78764
4993	78771
4994	78771
4995	78784
4996	78785
4997	78788
4998	78812
4999	78821
5000	78832
5001	78842
5002	78848
5003	78870
5004	78873
5005	78890
5006	78899
5007	78950
5008	78955
5009	78986
5010	79001
5011	79015
5012	79056
5013	79059
5014	79066
5015	79075
5016	79082
5017	79088
5018	79101
5019	79104
5020	79110
5021	79201
5022	79241
5023	79254
5024	79286
5025	79299
5026	79303
5027	79306
5028	79328
5029	79342
5030	79347
5031	79358
5032	79367
5033	79374
5034	79442
5035	79469
5036	79517
5037	79531
5038	79597
5039	79632
5040	79642
5041	79650
5042	79655
5043	79679
5044	79699
5045	79731
5046	79733
5047	79734
5048	79753
5049	79761
5050	79766
5051	79769
5052	79776
5053	79828
5054	79829
5055	79852
5056	79874
5057	79889
5058	79893
5059	79898
5060	79907
5061	79932
5062	79946
5063	79955
5064	79961
5065	79961
5066	79968
5067	79980
5068	79985
5069	79996
5070	80013
5071	80024
5072	80026
5073	80057
5074	80083
5075	80093
5076	80097
5077	80119
5078	80129
5079	80151
5080	80177
5081	80225
5082	80268
5083	80282
5084	80315
5085	80324
5086	80329
5087	80332
5088	80333
5089	80340
5090	80348
5091	80355
5092	80365
5093	80367
5094	80404
5095	80407
5096	80424
5097	80456
5098	80475
5099	80490
5100	80515
5101	80553
5102	80563
5103	80563
5104	80570
5105	80570
5106	80574
5107	80581
5108	80610
5109	80631
5110	80640
5111	80648
5112	80680
5113	80712
5114	80724
5115	80726
5116	80783
5117	80788
5118	80804
5119	80813
5120	80813
5121	80814
5122	80831
5123	80834
5124	80836
5125	80838
5126	80841
5127	80845
5128	80848
5129	80852
5130	80856
5131	80860
5132	80861
5133	80871
5134	80895
5135	80915
5136	80930
5137	80938
5138	80939
5139	80942
5140	80958
5141	80970
5142	80992
5143	81007
5144	81018
5145	81020
5146	81038
5147	81047
5148	81071
5149	81074
5150	81084
5151	81091
5152	81109
5153	81110
5154	81115
5155	81136
5156	81150
5157	81153
5158	81203
5159	81239
5160	81271
5161	81279
5162	81285
5163	81304
5164	81314
5165	81318
5166	81329
5167	81330
5168	81335
5169	81349
5170	81368
5171	81368
5172	81385
5173	81387
5174	81395
5175	81504
5176	81506
5177	81518
5178	81523
5179	81525
5180	81528
5181	81548
5182	81549
5183	81564
5184	81572
5185	81577
5186	81611
5187	81630
5188	81662
5189	81671
5190	81680
5191	81690
5192	81700
5193	81746
5194	81762
5195	81771
5196	81778
5197	81790
5198	81800
5199	81816
5200	81836
5201	81836
5202	81850
5203	81860
5204	81880
5205	81885
5206	81909
5207	81918
5208	81923
5209	81968
5210	81983
5211	81990
5212	81999
5213	82005
5214	82012
5215	82019
5216	82028
5217	82029
5218	82094
5219	82100
5220	82109
5221	82112
5222	82117
5223	82123
5224	82153
5225	82157
5226	82163
5227	82190
5228	82191
5229	82200
5230	82250
5231	82254
5232	82255
5233	82263
5234	82267
5235	82276
5236	82284
5237	82332
5238	82335
5239	82338
5240	82352
5241	82361
5242	82363
5243	82381
5244	82400
5245	82410
5246	82432
5247	82440
5248	82444
5249	82462
5250	82480
5251	82483
5252	82484
5253	82525
5254	82548
5255	82574
5256	82574
5257	82596
5258	82609
5259	82649
5260	82651
5261	82660
5262	82699
5263	82733
5264	82738
5265	82746
5266	82750
5267	82751
5268	82751
5269	82776
5270	82791
5271	82799
5272	82805
5273	82811
5274	82826
5275	82846
5276	82847
5277	82866
5278	82867
5279	82872
5280	82896
5281	82897
5282	82919
5283	82929
5284	82996
5285	83030
5286	83055
5287	83082
5288	83099
5289	83136
5290	83158
5291	83164
5292	83166
5293	83170
5294	83171
5295	83172
5296	83203
5297	83203
5298	83252
5299	83263
5300	83270
5301	83279
5302	83311
5303	83333
5304	83346
5305	83356
5306	83361
5307	83380
5308	83392
5309	83409
5310	83426
5311	83433
5312	83442
5313	83452
5314	83452
5315	83461
5316	83463
5317	83466
5318	83491
5319	83502
5320	83528
5321	83536
5322	83546
5323	83610
5324	83623
5325	83634
5326	83704
5327	83719
5328	83781
5329	83790
5330	83796
5331	83800
5332	83808
5333	83809
5334	83816
5335	83819
5336	83892
5337	83902
5338	83904
5339	83951
5340	83963
5341	83969
5342	84011
5343	84023
5344	84039
5345	84057
5346	84059
5347	84069
5348	84079
5349	84096
5350	84117
5351	84122
5352	84141
5353	84159
5354	84181
5355	84184
5356	84217
5357	84231
5358	84240
5359	84244
5360	84248
5361	84255
5362	84267
5363	84286
5364	84309
5365	84317
5366	84323
5367	84327
5368	84342
5369	84356
5370	84391
5371	84395
5372	84407
5373	84424
5374	84429
5375	84437
5376	84487
5377	84492
5378	84504
5379	84555
5380	84576
5381	84581
5382	84595
5383	84620
5384	84648
5385	84660
5386	84697
5387	84706
5388	84708
5389	84713
5390	84740
5391	84748
5392	84779
5393	84794
5394	84795
5395	84798
5396	84807
5397	84840
5398	84840
5399	84846
5400	84861
5401	84864
5402	84866
5403	84870
5404	84905
5405	84929
5406	84937
5407	85023
5408	85043
5409	85046
5410	85101
5411	85104
5412	85120
5413	85138
5414	85144
5415	85159
5416	85163
5417	85165
5418	85194
5419	85215
5420	85230
5421	85243
5422	85244
5423	85254
5424	85255
5425	85274
5426	85277
5427	85281
5428	85284
5429	85289
5430	85309
5431	85313
5432	85321
5433	85350
5434	85357
5435	85368
5436	85383
5437	85394
5438	85422
5439	85431
5440	85453
5441	85464
5442	85470
5443	85474
5444	85517
5445	85527
5446	85531
5447	85534
5448	85580
5449	85594
5450	85609
5451	85613
5452	85614
5453	85623
5454	85670
5455	85744
5456	85750
5457	85755
5458	85812
5459	85812
5460	85816
5461	85828
5462	85847
5463	85852
5464	85859
5465	85868
5466	85918
5467	85943
5468	85952
5469	85962
5470	85967
5471	85970
5472	86010
5473	86058
5474	86061
5475	86073
5476	86076
5477	86076
5478	86084
5479	86104
5480	86155
5481	86159
5482	86164
5483	86213
5484	86215
5485	86266
5486	86270
5487	86284
5488	86294
5489	86304
5490	86308
5491	86310
5492	86315
5493	86405
5494	86444
5495	86463
5496	86470
5497	86480
5498	86481
5499	86554
5500	86555
5501	86573
5502	86579
5503	86594
5504	86598
5505	86609
5506	86615
5507	86632
5508	86638
5509	86658
5510	86687
5511	86694
5512	86718
5513	86739
5514	86778
5515	86785
5516	86802
5517	86821
5518	86834
5519	86843
5520	86845
5521	86872
5522	86922
5523	86928
5524	86933
5525	86939
5526	86954
5527	86974
5528	86998
5529	87002
5530	87022
5531	87042
5532	87052
5533	87058
5534	87116
5535	87141
5536	87170
5537	87210
5538	87226
5539	87242
5540	87245
5541	87287
5542	87288
5543	87302
5544	87306
5545	87325
5546	87337
5547	87346
5548	87359
5549	87380
5550	87389
5551	87390
5552	87405
5553	87416
5554	87438
5555	87443
5556	87454
5557	87494
5558	87500
5559	87508
5560	87508
5561	87508
5562	87514
5563	87525
5564	87574
5565	87589
5566	87616
5567	87617
5568	87620
5569	87675
5570	87684
5571	87708
5572	87720
5573	87767
5574	87813
5575	87819
5576	87832
5577	87859
5578	87885
5579	87912
5580	87931
5581	87931
5582	87942
5583	87949
5584	87969
5585	88010
5586	88013
5587	88021
5588	88114
5589	88143
5590	88153
5591	88189
5592	88196
5593	88210
5594	88245
5595	88256
5596	88261
5597	88265
5598	88268
5599	88272
5600	88283
5601	88294
5602	88331
5603	88354
5604	88355
5605	88356
5606	88368
5607	88369
5608	88396
5609	88404
5610	88429
5611	88471
5612	88483
5613	88527
5614	88528
5615	88538
5616	88551
5617	88565
5618	88565
5619	88566
5620	88587
5621	88645
5622	88688
5623	88708
5624	88716
5625	88734
5626	88755
5627	88793
5628	88848
5629	88849
5630	88854
5631	88918
5632	88935
5633	88953
5634	88954
5635	88964
5636	88999
5637	89015
5638	89035
5639	89051
5640	89111
5641	89127
5642	89137
5643	89163
5644	89196
5645	89196
5646	89206
5647	89221
5648	89231
5649	89250
5650	89253
5651	89262
5652	89266
5653	89269
5654	89308
5655	89309
5656	89316
5657	89320
5658	89325
5659	89336
5660	89350
5661	89358
5662	89371
5663	89374
5664	89394
5665	89399
5666	89409
5667	89432
5668	89441
5669	89449
5670	89455
5671	89463
5672	89480
5673	89489
5674	89491
5675	89553
5676	89554
5677	89579
5678	89584
5679	89587
5680	89590
5681	89607
5682	89615
5683	89619
5684	89627
5685	89632
5686	89669
5687	89726
5688	89729
5689	89735
5690	89746
5691	89747
5692	89771
5693	89775
5694	89776
5695	89778
5696	89783
5697	89789
5698	89812
5699	89814
5700	89818
5701	89842
5702	89858
5703	89903
5704	89913
5705	89934
5706	89982
5707	90007
5708	90011
5709	90025
5710	90038
5711	90046
5712	90091
5713	90092
5714	90095
5715	90099
5716	90101
5717	90132
5718	90140
5719	90145
5720	90150
5721	90153
5722	90172
5723	90187
5724	90188
5725	90190
5726	90240
5727	90248
5728	90262
5729	90266
5730	90298
5731	90304
5732	90310
5733	90356
5734	90373
5735	90420
5736	90432
5737	90434
5738	90436
5739	90449
5740	90477
5741	90501
5742	90518
5743	90528
5744	90539
5745	90544
5746	90546
5747	90560
5748	90561
5749	90583
5750	90598
5751	90652
5752	90704
5753	90732
5754	90735
5755	90740
5756	90766
5757	90768
5758	90786
5759	90794
5760	90820
5761	90869
5762	90872
5763	90874
5764	90894
5765	90897
5766	90903
5767	90910
5768	90916
5769	90940
5770	90940
5771	90963
5772	90981
5773	91010
5774	91062
5775	91072
5776	91083
5777	91108
5778	91145
5779	91175
5780	91199
5781	91216
5782	91232
5783	91311
5784	91327
5785	91408
5786	91445
5787	91471
5788	91480
5789	91486
5790	91496
5791	91502
5792	91522
5793	91533
5794	91547
5795	91561
5796	91594
5797	91611
5798	91629
5799	91630
5800	91630
5801	91640
5802	91650
5803	91660
5804	91691
5805	91730
5806	91749
5807	91789
5808	91819
5809	91823
5810	91845
5811	91849
5812	91870
5813	91881
5814	91908
5815	91928
5816	91962
5817	91973
5818	91976
5819	92014
5820	92015
5821	92060
5822	92067
5823	92077
5824	92083
5825	92118
5826	92133
5827	92159
5828	92165
5829	92195
5830	92199
5831	92218
5832	92247
5833	92247
5834	92249
5835	92255
5836	92259
5837	92275
5838	92277
5839	92347
5840	92356
5841	92359
5842	92361
5843	92394
5844	92396
5845	92410
5846	92424
5847	92454
5848	92498
5849	92519
5850	92553
5851	92559
5852	92579
5853	92616
5854	92620
5855	92663
5856	92678
5857	92685
5858	92705
5859	92737
5860	92743
5861	92754
5862	92756
5863	92760
5864	92838
5865	92866
5866	92869
5867	92873
5868	92879
5869	92885
5870	92891
5871	92902
5872	92941
5873	92996
5874	93000
5875	93012
5876	93018
5877	93033
5878	93066
5879	93076
5880	93076
5881	93090
5882	93103
5883	93105
5884	93181
5885	93254
5886	93272
5887	93273
5888	93286
5889	93291
5890	93318
5891	93352
5892	93375
5893	93378
5894	93383
5895	93394
5896	93396
5897	93408
5898	93411
5899	93421
5900	93422
5901	93434
5902	93463
5903	93494
5904	93495
5905	93495
5906	93508
5907	93517
5908	93547
5909	93567
5910	93622
5911	93635
5912	93636
5913	93645
5914	93647
5915	93671
5916	93673
5917	93678
5918	93681
5919	93687
5920	93693
5921	93706
5922	93717
5923	93717
5924	93734
5925	93765
5926	93767
5927	93767
5928	93796
5929	93819
5930	93820
5931	93825
5932	93894
5933	93899
5934	93908
5935	93924
5936	93928
5937	93929
5938	93960
5939	93960
5940	93967
5941	93975
5942	93998
5943	94013
5944	94018
5945	94019
5946	94025
5947	94049
5948	94071
5949	94109
5950	94130
5951	94136
5952	94160
5953	94162
5954	94184
5955	94225
5956	94241
5957	94250
5958	94263
5959	94277
5960	94278
5961	94279
5962	94293
5963	94294
5964	94295
5965	94298
5966	94304
5967	94312
5968	94341
5969	94353
5970	94357
5971	94358
5972	94382
5973	94391
5974	94401
5975	94401
5976	94442
5977	94445
5978	94478
5979	94524
5980	94530
5981	94545
5982	94554
5983	94591
5984	94612
5985	94636
5986	94660
5987	94681
5988	94739
5989	94745
5990	94752
5991	94764
5992	94776
5993	94795
5994	94800
5995	94816
5996	94831
5997	94848
5998	94866
5999	94887
6000	94905
6001	94912
6002	94944
6003	94955
6004	94993
6005	94993
6006	95000
6007	95002
6008	95011
6009	95012
6010	95018
6011	95033
6012	95059
6013	95059
6014	95086
6015	95095
6016	95110
6017	95146
6018	95173
6019	95176
6020	95186
6021	95198
6022	95206
6023	95221
6024	95235
6025	95243
6026	95246
6027	95263
6028	95275
6029	95281
6030	95302
6031	95338
6032	95348
6033	95360
6034	95374
6035	95376
6036	95383
6037	95403
6038	95421
6039	95428
6040	95460
6041	95460
6042	95466
6043	95487
6044	95499
6045	95516
6046	95542
6047	95563
6048	95595
6049	95616
6050	95628
6051	95656
6052	95685
6053	95700
6054	95704
6055	95715
6056	95732
6057	95752
6058	95771
6059	95805
6060	95811
6061	95829
6062	95837
6063	95847
6064	95860
6065	95892
6066	95933
6067	95933
6068	95935
6069	95937
6070	95945
6071	95950
6072	95951
6073	95967
6074	95973
6075	95991
6076	96027
6077	96028
6078	96038
6079	96050
6080	96052
6081	96077
6082	96117
6083	96129
6084	96159
6085	96160
6086	96163
6087	96216
6088	96219
6089	96221
6090	96221
6091	96224
6092	96229
6093	96229
6094	96236
6095	96286
6096	96311
6097	96324
6098	96328
6099	96329
6100	96330
6101	96338
6102	96339
6103	96344
6104	96351
6105	96367
6106	96397
6107	96412
6108	96437
6109	96442
6110	96452
6111	96469
6112	96469
6113	96485
6114	96511
6115	96537
6116	96567
6117	96576
6118	96578
6119	96583
6120	96587
6121	96602
6122	96613
6123	96640
6124	96643
6125	96658
6126	96673
6127	96673
6128	96678
6129	96688
6130	96691
6131	96692
6132	96722
6133	96726
6134	96775
6135	96783
6136	96784
6137	96804
6138	96806
6139	96816
6140	96835
6141	96844
6142	96851
6143	96863
6144	96865
6145	96898
6146	96909
6147	96909
6148	96923
6149	96924
6150	96935
6151	96958
6152	97010
6153	97010
6154	97074
6155	97091
6156	97136
6157	97148
6158	97171
6159	97217
6160	97217
6161	97229
6162	97233
6163	97233
6164	97275
6165	97289
6166	97291
6167	97314
6168	97320
6169	97347
6170	97351
6171	97353
6172	97409
6173	97429
6174	97441
6175	97447
6176	97452
6177	97473
6178	97474
6179	97518
6180	97525
6181	97538
6182	97556
6183	97557
6184	97570
6185	97575
6186	97584
6187	97589
6188	97597
6189	97617
6190	97644
6191	97688
6192	97688
6193	97713
6194	97713
6195	97716
6196	97720
6197	97728
6198	97729
6199	97773
6200	97796
6201	97824
6202	97889
6203	97910
6204	97937
6205	97949
6206	97952
6207	97973
6208	97984
6209	97997
6210	98004
6211	98019
6212	98025
6213	98038
6214	98049
6215	98061
6216	98076
6217	98097
6218	98098
6219	98121
6220	98133
6221	98139
6222	98156
6223	98157
6224	98175
6225	98216
6226	98272
6227	98274
6228	98291
6229	98312
6230	98323
6231	98334
6232	98339
6233	98348
6234	98401
6235	98403
6236	98473
6237	98474
6238	98542
6239	98575
6240	98584
6241	98607
6242	98627
6243	98633
6244	98637
6245	98642
6246	98647
6247	98652
6248	98654
6249	98673
6250	98709
6251	98710
6252	98712
6253	98746
6254	98756
6255	98768
6256	98773
6257	98785
6258	98785
6259	98790
6260	98802
6261	98823
6262	98824
6263	98824
6264	98861
6265	98867
6266	98903
6267	98921
6268	98926
6269	98935
6270	98948
6271	98955
6272	98961
6273	98964
6274	98976
6275	98988
6276	99038
6277	99039
6278	99040
6279	99064
6280	99066
6281	99066
6282	99083
6283	99109
6284	99122
6285	99122
6286	99161
6287	99174
6288	99178
6289	99202
6290	99203
6291	99206
6292	99207
6293	99216
6294	99223
6295	99233
6296	99248
6297	99263
6298	99292
6299	99299
6300	99300
6301	99306
6302	99309
6303	99355
6304	99364
6305	99370
6306	99377
6307	99385
6308	99396
6309	99410
6310	99419
6311	99427
6312	99456
6313	99464
6314	99467
6315	99483
6316	99518
6317	99547
6318	99548
6319	99575
6320	99587
6321	99618
6322	99621
6323	99622
6324	99660
6325	99667
6326	99686
6327	99696
6328	99719
6329	99749
6330	99753
6331	99757
6332	99811
6333	99846
6334	99858
6335	99863
6336	99863
6337	99869
6338	99900
6339	99929
6340	99942
6341	99947
6342	99965
6343	99986

num segsites unfiltered 5939
num segsites filtered: 101
