Quant	Bootrep	MeanSynD	MeanNonsynD
0	1	0.000156941559442646	0.00011708701615083
1	1	0.000136113613268697	0.000163260403266481
2	1	-0.000110298058877045	0.000217004176141241
3	1	8.89089080912894e-05	0.000131379865873214
4	1	0.000103747306132935	0.000125972008134051
0	2	0.000128568059418637	0.000179298124092742
1	2	9.39512750587939e-05	0.000198405434627369
2	2	-3.2558001376052e-06	0.000108859165961815
3	2	0.000191267809311686	0.000159407442009906
4	2	7.16636016351774e-05	6.0632938767289e-05
0	3	0.000126385482493713	0.00013879702312006
1	3	0.000122318307039679	0.00017986038229301
2	3	-8.43936820262952e-05	0.00015614306163699
3	3	0.000162422944534088	0.000140991147722351
4	3	7.54381551055017e-05	0.000210380986240615
0	4	0.00010251680961403	0.00015266896469073
1	4	0.000114719707042179	0.000209700316021367
2	4	-2.218848614375e-05	0.000142868758833914
3	4	0.000171563672707016	0.000118620233666395
4	4	6.97763249000149e-05	0.00024540680540364
0	5	0.000100292723715304	0.000152064501678711
1	5	0.000165764326438356	0.000186763125367634
2	5	2.36290229639698e-05	0.000156861966457799
3	5	5.48998703851625e-05	6.19204558167299e-05
4	5	0.000125236717813816	-2.33882882215352e-05
0	6	0.000162191318583851	0.000146388572473728
1	6	0.000223450629081494	0.000216303960821254
2	6	5.39159708809849e-07	0.000151569741435668
3	6	0.000119918037974185	0.000187466377199103
4	6	0.000138752311807629	1.7109782026316e-05
0	7	0.000151289691442148	0.000141018939683949
1	7	0.000183147099750036	0.000101520751430118
2	7	2.79991214299571e-05	0.000320279340779877
3	7	5.29295819207022e-05	0.000124294973538259
4	7	0.000142848605486113	0.00011449674345227
0	8	0.00015787455443026	0.000193569376699572
1	8	0.000187041981718888	0.000235878672881125
2	8	5.3915970881035e-07	4.28034604054276e-06
3	8	8.49412625530653e-05	0.000299848329122222
4	8	0.000147605849504222	0.000148319010774246
0	9	0.000155446902460956	0.000197764393873222
1	9	0.000161653934245727	0.000245615649526468
2	9	5.39159708809928e-07	8.60805501135656e-05
3	9	9.36854564083462e-05	0.000311232271113278
4	9	0.000135210896728992	0.00020231036908276
0	10	0.000125299052721194	0.000190381715389949
1	10	0.000103593552445921	0.000174753297260331
2	10	-5.6474187990546e-05	5.33601033209688e-05
3	10	0.000150499444367286	0.000132719796101429
4	10	7.73254318406639e-05	0.000175867592323881
